  7.00000000   -3.00000000
  6.99999999   -3.00000000
  7.00000000   -3.00000001
  4.84235970   -3.25940597
  4.84235970   -3.25940597
  4.19638719   -2.29763174
  4.19638719   -2.29763174
  4.05889007    0.00000000
  4.12763863   -1.14881587
  4.12763863   -1.14881587
  5.02527514   -0.82849500
  5.02527514   -0.82849500
  4.99881219   -1.86134988
  5.01204367   -1.34492244
  5.01865940   -1.08670872
  5.01865940   -1.08670872
  4.98174222   -1.02053040
  4.98174222   -1.02053040
  5.00959674   -0.99153796
  5.00959674   -0.99153796
  4.99967465   -1.00031291
  4.99967465   -1.00031291
  4.99999456   -1.00000445
  4.99999456   -1.00000445
  7.000000000000   -3.000000000000
  6.999999990000   -3.000000000000
  7.000000000000   -3.000000010000
  4.842359698324   -3.259405971016
  4.842359698324   -3.259405971016
  4.196387189229   -2.297631737380
  4.196387189229   -2.297631737380
  4.058890074663    0.000000000000
  4.127638631946   -1.148815868690
  4.127638631946   -1.148815868690
  5.025275140187   -0.828495000494
  5.025275140187   -0.828495000494
  4.998812191339   -1.861349879211
  5.012043665763   -1.344922439853
  5.018659402975   -1.086708720173
  5.018659402975   -1.086708720173
  4.981742215557   -1.020530403452
  4.981742215557   -1.020530403452
  5.009596738970   -0.991537955384
  5.009596738970   -0.991537955384
  4.999674653556   -1.000312911385
  4.999674653556   -1.000312911385
  4.999994555061   -1.000004448262
  4.999994555061   -1.000004448262
