  1.0000000e+010  1.0000000e+010  1.0000000e+010  1.0000000e+010  1.0000000e+010
  1.0125000e+010  1.0125000e+010  1.0125000e+010  1.0125000e+010  1.0125000e+010
  1.0250000e+010  1.0250000e+010  1.0250000e+010  1.0250000e+010  1.0250000e+010
  1.0375000e+010  1.0375000e+010  1.0375000e+010  1.0375000e+010  1.0375000e+010
  1.0500000e+010  1.0500000e+010  1.0500000e+010  1.0500000e+010  1.0500000e+010
  1.0625000e+010  1.0625000e+010  1.0625000e+010  1.0625000e+010  1.0625000e+010
  1.0750000e+010  1.0750000e+010  1.0750000e+010  1.0750000e+010  1.0750000e+010
  1.0875000e+010  1.0875000e+010  1.0875000e+010  1.0875000e+010  1.0875000e+010
  1.1000000e+010  1.1000000e+010  1.1000000e+010  1.1000000e+010  1.1000000e+010
  1.1125000e+010  1.1125000e+010  1.1125000e+010  1.1125000e+010  1.1125000e+010
  1.1250000e+010  1.1250000e+010  1.1250000e+010  1.1250000e+010  1.1250000e+010
  1.1375000e+010  1.1375000e+010  1.1375000e+010  1.1375000e+010  1.1375000e+010
  1.1500000e+010  1.1500000e+010  1.1500000e+010  1.1500000e+010  1.1500000e+010
  1.1625000e+010  1.1625000e+010  1.1625000e+010  1.1625000e+010  1.1625000e+010
  1.1750000e+010  1.1750000e+010  1.1750000e+010  1.1750000e+010  1.1750000e+010
  1.1875000e+010  1.1875000e+010  1.1875000e+010  1.1875000e+010  1.1875000e+010
  1.2000000e+010  1.2000000e+010  1.2000000e+010  1.2000000e+010  1.2000000e+010
  1.2125000e+010  1.2125000e+010  1.2125000e+010  1.2125000e+010  1.2125000e+010
  1.2250000e+010  1.2250000e+010  1.2250000e+010  1.2250000e+010  1.2250000e+010
  1.2375000e+010  1.2375000e+010  1.2375000e+010  1.2375000e+010  1.2375000e+010
  1.2500000e+010  1.2500000e+010  1.2500000e+010  1.2500000e+010  1.2500000e+010
  1.2625000e+010  1.2625000e+010  1.2625000e+010  1.2625000e+010  1.2625000e+010
  1.2750000e+010  1.2750000e+010  1.2750000e+010  1.2750000e+010  1.2750000e+010
  1.2875000e+010  1.2875000e+010  1.2875000e+010  1.2875000e+010  1.2875000e+010
  1.3000000e+010  1.3000000e+010  1.3000000e+010  1.3000000e+010  1.3000000e+010
  1.3125000e+010  1.3125000e+010  1.3125000e+010  1.3125000e+010  1.3125000e+010
  1.3250000e+010  1.3250000e+010  1.3250000e+010  1.3250000e+010  1.3250000e+010
  1.3375000e+010  1.3375000e+010  1.3375000e+010  1.3375000e+010  1.3375000e+010
  1.3500000e+010  1.3500000e+010  1.3500000e+010  1.3500000e+010  1.3500000e+010
  1.3625000e+010  1.3625000e+010  1.3625000e+010  1.3625000e+010  1.3625000e+010
  1.3750000e+010  1.3750000e+010  1.3750000e+010  1.3750000e+010  1.3750000e+010
  1.3875000e+010  1.3875000e+010  1.3875000e+010  1.3875000e+010  1.3875000e+010
  1.4000000e+010  1.4000000e+010  1.4000000e+010  1.4000000e+010  1.4000000e+010
  1.4125000e+010  1.4125000e+010  1.4125000e+010  1.4125000e+010  1.4125000e+010
  1.4250000e+010  1.4250000e+010  1.4250000e+010  1.4250000e+010  1.4250000e+010
  1.4375000e+010  1.4375000e+010  1.4375000e+010  1.4375000e+010  1.4375000e+010
  1.4500000e+010  1.4500000e+010  1.4500000e+010  1.4500000e+010  1.4500000e+010
  1.4625000e+010  1.4625000e+010  1.4625000e+010  1.4625000e+010  1.4625000e+010
  1.4750000e+010  1.4750000e+010  1.4750000e+010  1.4750000e+010  1.4750000e+010
  1.4875000e+010  1.4875000e+010  1.4875000e+010  1.4875000e+010  1.4875000e+010
  1.5000000e+010  1.5000000e+010  1.5000000e+010  1.5000000e+010  1.5000000e+010
