  5.6483734e-001  6.6211519e-001  4.6492728e-001  4.4328389e-001  5.3121618e-001
  6.3807748e-001  7.4033050e-001 -1.7465420e-001  5.2577544e-001  6.0276352e-001
  7.0633481e-001  8.0938701e-001  2.4685245e-002  6.0140449e-001  6.7011259e-001
  7.6832502e-001  8.5994198e-001  2.7699638e-001  6.7080822e-001  7.3288871e-001
  8.2208474e-001  8.6972459e-001  4.4917790e-001  7.3418852e-001  7.9061308e-001
  8.6453405e-001  7.8777575e-001  5.7316157e-001  7.9145054e-001  8.4267005e-001
  8.9075372e-001  5.3160426e-001  6.6858753e-001  8.4226726e-001  8.8825710e-001
  8.9286048e-001  1.4221975e-001  7.4489972e-001  8.8609288e-001  9.2630906e-001
  8.5856910e-001 -2.7168751e-002  8.0667851e-001  9.2214281e-001  9.5538323e-001
  7.7061017e-001  1.0611563e-001  8.5609405e-001  9.4934455e-001  9.7348458e-001
  6.1168529e-001  3.1134454e-001  8.9398160e-001  9.6625779e-001  9.7780019e-001
  3.8517100e-001  4.8266077e-001  9.2031386e-001  9.7095907e-001  9.6430477e-001
  1.5026095e-001  6.0866316e-001  9.3444586e-001  9.6088793e-001  9.2721361e-001
  1.1853064e-002  6.9757700e-001  9.3512171e-001  9.3266393e-001  8.5837381e-001
  2.1837558e-002  7.5736972e-001  9.2054495e-001  8.8192364e-001  7.4713902e-001
  1.3433741e-001  7.9315061e-001  8.8834278e-001  8.0333496e-001  5.8265983e-001
  2.7835423e-001  8.0767609e-001  8.3561988e-001  6.9119415e-001  3.6338875e-001
  4.1161938e-001  8.0206846e-001  7.5919231e-001  5.4147176e-001  1.1875874e-001
  5.1912596e-001  7.7636509e-001  6.5624588e-001  3.5661403e-001 -7.3981645e-002
  5.9880677e-001  7.2997095e-001  5.2579764e-001  1.5338048e-001 -1.3421446e-001
  6.5279624e-001  6.6216427e-001  3.7134164e-001 -3.1627978e-002 -6.6001522e-002
  6.8388747e-001  5.7282943e-001  2.0442869e-001 -1.5230818e-001  5.1803207e-002
  6.9442628e-001  4.6359006e-001  4.6981261e-002 -1.8340689e-001  1.4997398e-001
  6.8612077e-001  3.3940065e-001 -7.2318075e-002 -1.4144300e-001  2.0046765e-001
  6.6016001e-001  2.1025269e-001 -1.3036129e-001 -6.8954565e-002  2.0222210e-001
  6.1744269e-001  9.1837678e-002 -1.2362043e-001 -4.3428635e-003  1.6596690e-001
  5.5887351e-001  3.4224015e-003 -7.0366607e-002  3.2126892e-002  1.0793743e-001
  4.8574103e-001 -3.8461497e-002  1.0579151e-003  3.6591365e-002  4.7809405e-002
  4.0020007e-001 -2.7379156e-002  6.5846159e-002  1.6047112e-002  6.1874195e-003
  3.0585164e-001  2.9366024e-002  1.0889573e-001 -1.5677068e-002 -3.0529745e-004
  2.0832722e-001  1.1440736e-001  1.2441308e-001 -4.0941156e-002  3.5195738e-002
  1.1563061e-001  2.0799467e-001  1.1342859e-001 -4.2183707e-002  1.0710717e-001
  3.7813679e-002  2.9414971e-001  8.1873693e-002 -7.1511454e-003  1.9984559e-001
 -1.4465497e-002  3.6285588e-001  3.9648091e-002  6.6588166e-002  2.9256703e-001
 -3.2561760e-002  4.0934046e-001 -4.5552625e-005  1.7094094e-001  3.3127978e-001
 -1.2829108e-002  4.3237063e-001 -2.2218866e-002  2.9116711e-001  5.2512714e-001
  4.1596390e-002  4.3273933e-001 -1.3287194e-002  4.1164285e-001  5.4218454e-001
  1.2146558e-001  4.1230306e-001  3.4529741e-002  5.2009855e-001  5.5381110e-001
  2.1428481e-001  3.7353550e-001  1.1981502e-001  6.0904052e-001  5.4134254e-001
  3.0777144e-001  3.1946195e-001  2.3212347e-001  6.7513312e-001  5.0302003e-001
  3.9228824e-001  2.5385416e-001  3.5598875e-001  7.1783455e-001  4.3978023e-001
