 -1.4172363e-001 -1.3324641e-001  9.8835113e-002  1.4054924e-001  6.8280190e-002
 -1.4554188e-001 -1.4351991e-001  8.0702309e-001  1.2760426e-001  6.7382420e-002
 -1.4775837e-001 -1.4842671e-001  6.7233240e-001  1.1728769e-001  6.6351611e-002
 -1.4727910e-001 -1.3893222e-001  4.8019250e-001  1.0848232e-001  6.4987431e-002
 -1.4234336e-001 -9.3113820e-002  3.6324110e-001  1.0040542e-001  6.3033404e-002
 -1.3008855e-001  3.9589295e-002  2.8900586e-001  9.2432287e-002  6.0144064e-002
 -1.0583013e-001  3.4121283e-001  2.3719032e-001  8.3985539e-002  5.5838077e-002
 -6.1940039e-002  7.7024511e-001  1.9754905e-001  7.4457184e-002  4.9428575e-002
  1.3587531e-002  9.7291017e-001  1.6451438e-001  6.3138991e-002  3.9917260e-002
  1.3771439e-001  8.6579102e-001  1.3468846e-001  4.9147011e-002  2.5831604e-002
  3.2739933e-001  6.7871575e-001  1.0569660e-001  3.1329340e-002  4.9748832e-003
  5.7889076e-001  5.1649760e-001  7.5621427e-002  8.1477915e-003 -2.5948853e-002
  8.3257972e-001  3.8929050e-001  4.2648820e-002 -2.2472058e-002 -7.1857769e-002
  9.8309856e-001  2.8735948e-001  4.9137186e-003 -6.3314521e-002 -1.3987199e-001
  9.7801219e-001  2.0090810e-001 -3.9702778e-002 -1.1802242e-001 -2.3940494e-001
  8.6256936e-001  1.2262131e-001 -9.3646597e-002 -1.9106408e-001 -3.7983524e-001
  7.0705658e-001  4.7112497e-002 -1.5969781e-001 -2.8711363e-001 -5.6096390e-001
  5.5293803e-001 -2.9807662e-002 -2.4076514e-001 -4.0897996e-001 -7.5130445e-001
  4.1430882e-001 -1.1160508e-001 -3.3924101e-001 -5.5278019e-001 -8.7123305e-001
  2.9220473e-001 -2.0121439e-001 -4.5554351e-001 -7.0008242e-001 -8.3745834e-001
  1.8333479e-001 -3.0093111e-001 -5.8546771e-001 -8.1237281e-001 -6.5119695e-001
  8.3630548e-002 -4.1192595e-001 -7.1659876e-001 -8.4142377e-001 -3.8862630e-001
 -1.0620605e-002 -5.3326771e-001 -8.2598907e-001 -7.5974665e-001 -1.1714503e-001
 -1.0252078e-001 -6.6043152e-001 -8.8376512e-001 -5.8175082e-001  1.3498665e-001
 -1.9455469e-001 -7.8365743e-001 -8.6546899e-001 -3.4845878e-001  3.6255649e-001
 -2.8859430e-001 -8.8731284e-001 -7.6609693e-001 -9.8174018e-002  5.6568948e-001
 -3.8582250e-001 -9.5214557e-001 -6.0240083e-001  1.4620307e-001  7.4116527e-001
 -4.8653087e-001 -9.6139115e-001 -4.0132734e-001  3.7359265e-001  8.8000596e-001
 -5.8976901e-001 -9.0838924e-001 -1.8671756e-001  5.7711775e-001  9.6938540e-001
 -6.9286142e-001 -8.0010276e-001  2.6337489e-002  7.4879906e-001  9.9797219e-001
 -7.9089380e-001 -6.5348450e-001  2.3026196e-001  8.7795186e-001  9.6221716e-001
 -8.7642281e-001 -4.8780994e-001  4.2128596e-001  9.5327958e-001  8.6929532e-001
 -9.3983826e-001 -3.1854129e-001  5.9597953e-001  9.6761867e-001  7.3419215e-001
 -9.7083327e-001 -1.5516930e-001  7.4887204e-001  9.2247774e-001  5.7109502e-001
 -9.6104485e-001 -1.9835407e-003  8.7144659e-001  8.2892070e-001  3.5616022e-001
 -9.0705683e-001  1.4013769e-001  9.5295432e-001  7.0388547e-001  3.1789789e-001
 -8.1219614e-001  2.7207544e-001  9.8338807e-001  5.6458941e-001  1.3409306e-001
 -6.8587510e-001  3.9529294e-001  9.5788357e-001  4.2442232e-001 -2.0979043e-002
 -5.4073240e-001  5.1106483e-001  8.8019355e-001  2.9162161e-001 -1.6709356e-001
 -3.8918620e-001  6.1994339e-001  7.6261950e-001  1.6995925e-001 -3.0900220e-001
 -2.4100782e-001  7.2132023e-001  6.2209938e-001  6.0152348e-002 -4.4938085e-001
