  5.6474892e-001  6.6201062e-001  4.6495734e-001  4.4321711e-001  5.3113278e-001
  6.3798973e-001  7.4022958e-001 -1.7448973e-001  5.2570721e-001  6.0268013e-001
  7.0624941e-001  8.0929451e-001  2.4760084e-002  6.0133323e-001  6.7003039e-001
  7.6824407e-001  8.5986621e-001  2.7700930e-001  6.7073678e-001  7.3280900e-001
  8.2201092e-001  8.6968078e-001  4.4916002e-001  7.3411856e-001  7.9053731e-001
  8.6447092e-001  7.8779153e-001  5.7312777e-001  7.9138368e-001  8.4259988e-001
  8.9070608e-001  5.3171710e-001  6.6854572e-001  8.4220520e-001  8.8819445e-001
  8.9283485e-001  1.4242511e-001  7.4485482e-001  8.8603745e-001  9.2625621e-001
  8.5857422e-001 -2.6967486e-002  8.0663406e-001  9.2209605e-001  9.5534291e-001
  7.7065689e-001  1.0624694e-001  8.5605293e-001  9.4930876e-001  9.7346014e-001
  6.1178407e-001  3.1141322e-001  8.9394630e-001  9.6623560e-001  9.7779582e-001
  3.8532421e-001  4.8268949e-001  9.2028956e-001  9.7095351e-001  9.6432576e-001
  1.5045109e-001  6.0866898e-001  9.3443051e-001  9.6090254e-001  9.2726672e-001
  1.2042945e-002  6.9757104e-001  9.3511991e-001  9.3270277e-001  8.5846752e-001
  2.1993341e-002  7.5735939e-001  9.2055955e-001  8.8199134e-001  7.4728333e-001
  1.3444699e-001  7.9314114e-001  8.8837675e-001  8.0343643e-001  5.8286452e-001
  2.7842258e-001  8.0767146e-001  8.3567622e-001  6.9133403e-001  3.6365761e-001
  4.1165718e-001  8.0207188e-001  7.5927383e-001  5.4165282e-001  1.1907799e-001
  5.1914347e-001  7.7637921e-001  6.5635470e-001  3.5683438e-001 -7.3653501e-002
  5.9881219e-001  7.2999796e-001  5.2593434e-001  1.5362956e-001 -1.3393378e-001
  6.5279575e-001  6.6220579e-001  3.7150387e-001 -3.1372070e-002 -6.5805474e-002
  6.8388569e-001  5.7288632e-001  2.0460963e-001 -1.5207507e-001  5.1910004e-002
  6.9442668e-001  4.6366203e-001  4.7168712e-002 -1.8322262e-001  1.5000406e-001
  6.8612595e-001  3.3948588e-001 -7.2140402e-002 -1.4131962e-001  2.0043429e-001
  6.6017188e-001  2.1034792e-001 -1.3020948e-001 -6.8889685e-002  2.0213289e-001
  6.1746255e-001  9.1960400e-002 -1.2350504e-001 -4.3266369e-003  1.6582343e-001
  5.5890206e-001  3.5061131e-003 -7.0289972e-002  3.2105008e-002  1.0773745e-001
  4.8577826e-001 -3.8389061e-002  1.1003373e-003  3.6539197e-002  4.7550115e-002
  4.0024519e-001 -2.7324831e-002  6.5862319e-002  1.5969023e-002  5.8691486e-003
  3.0590293e-001  2.9400484e-002  1.0889388e-001 -1.5779476e-002 -6.7614756e-004
  2.0838196e-001  1.1442420e-001  1.2439997e-001 -4.1067580e-002  3.4784364e-002
  1.1568509e-001  2.0799876e-001  1.1340875e-001 -4.2333309e-002  1.0665933e-001
  3.7863518e-002  2.9414694e-001  8.1849268e-002 -7.3208828e-003  1.9963593e-001
 -1.4424743e-002  3.6285199e-001  3.9619057e-002  6.6404367e-002  2.9224659e-001
 -3.2533727e-002  4.0934038e-001 -8.0933726e-005  1.7075182e-001  3.3101175e-001
 -1.2815695e-002  4.3237824e-001 -2.2263233e-002  2.9098277e-001  5.2496142e-001
  4.1595594e-002  4.3275745e-001 -1.3342924e-002  4.1147340e-001  5.4209171e-001
  1.2145328e-001  4.1233345e-001  3.4461812e-002  5.1995311e-001  5.5382764e-001
  2.1426542e-001  3.7357888e-001  1.1973650e-001  6.0892694e-001  5.4148885e-001
  3.0775023e-001  3.1951802e-001  2.3203849e-001  6.7505818e-001  5.0331663e-001
  3.9227049e-001  2.5392147e-001  3.5590325e-001  7.1780452e-001  4.4024915e-001
