  2.000000000000    0.000000000000
  4.205253040911   -0.373451691509
  3.102626520455   -0.186725845755
  2.551313260228   -0.093362922877
  2.275656630114   -0.046681461439
  2.137828315057   -0.023340730719
  2.068914157528   -0.011670365360
  2.034457078764   -0.005835182680
  2.034457078764   -0.005835182680
 25.000000000000   -3.940657490272
 13.517228539382   -1.973246336476
  7.775842809073   -0.989540759578
  4.905149943919   -0.497687971129
  3.469803511341   -0.251761576904
  2.752130295053   -0.128798379792
  2.752130295053   -0.128798379792
  7.272221481870    0.000000000000
  5.012175888461   -0.064399189896
  3.882153091757   -0.096598784844
  3.317141693405   -0.112698582318
  3.034635994229   -0.120748481055
  2.893383144641   -0.124773430424
  2.822756719847   -0.126785905108
  2.822756719847   -0.126785905108
  2.645159655890    0.000000000000
  2.645159655890    0.000000000000
  1.000000000000   -4.578207188783
  1.822579827945   -2.289103594391
  2.233869741918   -1.144551797196
  2.439514698904   -0.572275898598
  2.542337177397   -0.286137949299
  2.593748416644   -0.143068974649
  2.619454036267   -0.071534487325
  2.619454036267   -0.071534487325
 20.000000000000    0.000000000000
 19.999999990000    0.000000000000
 20.000000000000   -0.000000010000
 20.000000000000    0.000000000000
 16.493636006228  -10.000000000000
 16.493636006228  -10.000000000000
