Number of parameters:       1 
FREQUENCY:    1001 
Dimensions scattering matrix:       1        1 
 2.8000000000000000e+009   s_1_1:  ( 4.6672930070871549e-001,  8.6920593544203451e-001)   
 2.8004000000000000e+009   s_1_1:  ( 4.6721887681335761e-001,  8.6887624836942789e-001)   
 2.8008000000000000e+009   s_1_1:  ( 4.6770906816208058e-001,  8.6854539004619880e-001)   
 2.8012000000000000e+009   s_1_1:  ( 4.6819987771991795e-001,  8.6821335271792588e-001)   
 2.8016000000000000e+009   s_1_1:  ( 4.6869130846567791e-001,  8.6788012855800889e-001)   
 2.8020000000000000e+009   s_1_1:  ( 4.6918336339195560e-001,  8.6754570966685662e-001)   
 2.8024000000000000e+009   s_1_1:  ( 4.6967604550513464e-001,  8.6721008807106492e-001)   
 2.8028000000000000e+009   s_1_1:  ( 4.7016935782539077e-001,  8.6687325572258345e-001)   
 2.8032000000000000e+009   s_1_1:  ( 4.7066330338669221e-001,  8.6653520449786847e-001)   
 2.8036000000000000e+009   s_1_1:  ( 4.7115788523680247e-001,  8.6619592619702979e-001)   
 2.8040000000000000e+009   s_1_1:  ( 4.7165310643727532e-001,  8.6585541254295806e-001)   
 2.8044000000000000e+009   s_1_1:  ( 4.7214897006344975e-001,  8.6551365518045253e-001)   
 2.8048000000000000e+009   s_1_1:  ( 4.7264547920444144e-001,  8.6517064567532831e-001)   
 2.8052000000000000e+009   s_1_1:  ( 4.7314263696313835e-001,  8.6482637551350949e-001)   
 2.8056000000000000e+009   s_1_1:  ( 4.7364044645618586e-001,  8.6448083610012039e-001)   
 2.8060000000000000e+009   s_1_1:  ( 4.7413891081397197e-001,  8.6413401875855933e-001)   
 2.8064000000000000e+009   s_1_1:  ( 4.7463803318061099e-001,  8.6378591472955479e-001)   
 2.8068000000000000e+009   s_1_1:  ( 4.7513781671392452e-001,  8.6343651517021935e-001)   
 2.8072000000000000e+009   s_1_1:  ( 4.7563826458542402e-001,  8.6308581115308214e-001)   
 2.8076000000000000e+009   s_1_1:  ( 4.7613937998027750e-001,  8.6273379366511505e-001)   
 2.8080000000000000e+009   s_1_1:  ( 4.7664116609729129e-001,  8.6238045360673787e-001)   
 2.8084000000000000e+009   s_1_1:  ( 4.7714362614887001e-001,  8.6202578179082190e-001)   
 2.8088000000000000e+009   s_1_1:  ( 4.7764676336099315e-001,  8.6166976894166791e-001)   
 2.8092000000000000e+009   s_1_1:  ( 4.7815058097317487e-001,  8.6131240569397383e-001)   
 2.8096000000000000e+009   s_1_1:  ( 4.7865508223842085e-001,  8.6095368259179783e-001)   
 2.8100000000000000e+009   s_1_1:  ( 4.7916027042319204e-001,  8.6059359008749214e-001)   
 2.8104000000000000e+009   s_1_1:  ( 4.7966614880735242e-001,  8.6023211854063519e-001)   
 2.8108000000000000e+009   s_1_1:  ( 4.8017272068412581e-001,  8.5986925821694093e-001)   
 2.8112000000000000e+009   s_1_1:  ( 4.8067998936003759e-001,  8.5950499928715773e-001)   
 2.8116000000000000e+009   s_1_1:  ( 4.8118795815486098e-001,  8.5913933182595104e-001)   
 2.8120000000000000e+009   s_1_1:  ( 4.8169663040155386e-001,  8.5877224581077294e-001)   
 2.8124000000000000e+009   s_1_1:  ( 4.8220600944619924e-001,  8.5840373112070822e-001)   
 2.8128000000000000e+009   s_1_1:  ( 4.8271609864793286e-001,  8.5803377753531707e-001)   
 2.8132000000000000e+009   s_1_1:  ( 4.8322690137887075e-001,  8.5766237473345364e-001)   
 2.8136000000000000e+009   s_1_1:  ( 4.8373842102403736e-001,  8.5728951229206607e-001)   
 2.8140000000000000e+009   s_1_1:  ( 4.8425066098128056e-001,  8.5691517968498887e-001)   
 2.8144000000000000e+009   s_1_1:  ( 4.8476362466118622e-001,  8.5653936628171401e-001)   
 2.8148000000000000e+009   s_1_1:  ( 4.8527731548699216e-001,  8.5616206134613970e-001)   
 2.8152000000000000e+009   s_1_1:  ( 4.8579173689448718e-001,  8.5578325403531430e-001)   
 2.8156000000000000e+009   s_1_1:  ( 4.8630689233192109e-001,  8.5540293339814921e-001)   
 2.8160000000000000e+009   s_1_1:  ( 4.8682278525989153e-001,  8.5502108837412383e-001)   
 2.8164000000000000e+009   s_1_1:  ( 4.8733941915123902e-001,  8.5463770779197024e-001)   
 2.8168000000000000e+009   s_1_1:  ( 4.8785679749093297e-001,  8.5425278036833230e-001)   
 2.8172000000000000e+009   s_1_1:  ( 4.8837492377594838e-001,  8.5386629470641906e-001)   
 2.8176000000000000e+009   s_1_1:  ( 4.8889380151514394e-001,  8.5347823929462874e-001)   
 2.8180000000000000e+009   s_1_1:  ( 4.8941343422912897e-001,  8.5308860250515783e-001)   
 2.8184000000000000e+009   s_1_1:  ( 4.8993382545012654e-001,  8.5269737259259015e-001)   
 2.8188000000000000e+009   s_1_1:  ( 4.9045497872182797e-001,  8.5230453769246584e-001)   
 2.8192000000000000e+009   s_1_1:  ( 4.9097689759924934e-001,  8.5191008581983008e-001)   
 2.8196000000000000e+009   s_1_1:  ( 4.9149958564857166e-001,  8.5151400486776152e-001)   
 2.8200000000000000e+009   s_1_1:  ( 4.9202304644697681e-001,  8.5111628260588335e-001)   
 2.8204000000000000e+009   s_1_1:  ( 4.9254728358248578e-001,  8.5071690667884270e-001)   
 2.8208000000000000e+009   s_1_1:  ( 4.9307230065377761e-001,  8.5031586460478259e-001)   
 2.8212000000000000e+009   s_1_1:  ( 4.9359810127000464e-001,  8.4991314377378324e-001)   
 2.8216000000000000e+009   s_1_1:  ( 4.9412468905060664e-001,  8.4950873144628547e-001)   
 2.8220000000000000e+009   s_1_1:  ( 4.9465206762511293e-001,  8.4910261475148419e-001)   
 2.8224000000000000e+009   s_1_1:  ( 4.9518024063293520e-001,  8.4869478068570992e-001)   
 2.8228000000000000e+009   s_1_1:  ( 4.9570921172315496e-001,  8.4828521611078167e-001)   
 2.8232000000000000e+009   s_1_1:  ( 4.9623898455429982e-001,  8.4787390775233318e-001)   
 2.8236000000000000e+009   s_1_1:  ( 4.9676956279412143e-001,  8.4746084219812068e-001)   
 2.8240000000000000e+009   s_1_1:  ( 4.9730095011934805e-001,  8.4704600589630186e-001)   
 2.8244000000000000e+009   s_1_1:  ( 4.9783315021544250e-001,  8.4662938515369857e-001)   
 2.8248000000000000e+009   s_1_1:  ( 4.9836616677634449e-001,  8.4621096613402114e-001)   
 2.8252000000000000e+009   s_1_1:  ( 4.9890000350420582e-001,  8.4579073485607847e-001)   
 2.8256000000000000e+009   s_1_1:  ( 4.9943466410911874e-001,  8.4536867719195441e-001)   
 2.8260000000000000e+009   s_1_1:  ( 4.9997015230882258e-001,  8.4494477886516972e-001)   
 2.8264000000000000e+009   s_1_1:  ( 5.0050647182841523e-001,  8.4451902544880075e-001)   
 2.8268000000000000e+009   s_1_1:  ( 5.0104362640004863e-001,  8.4409140236358271e-001)   
 2.8272000000000000e+009   s_1_1:  ( 5.0158161976261195e-001,  8.4366189487598042e-001)   
 2.8276000000000000e+009   s_1_1:  ( 5.0212045566140262e-001,  8.4323048809623757e-001)   
 2.8280000000000000e+009   s_1_1:  ( 5.0266013784778729e-001,  8.4279716697638740e-001)   
 2.8284000000000000e+009   s_1_1:  ( 5.0320067007885882e-001,  8.4236191630824209e-001)   
 2.8288000000000000e+009   s_1_1:  ( 5.0374205611706835e-001,  8.4192472072134672e-001)   
 2.8292000000000000e+009   s_1_1:  ( 5.0428429972985678e-001,  8.4148556468091273e-001)   
 2.8296000000000000e+009   s_1_1:  ( 5.0482740468926179e-001,  8.4104443248571137e-001)   
 2.8300000000000000e+009   s_1_1:  ( 5.0537137477152660e-001,  8.4060130826594115e-001)   
 2.8304000000000000e+009   s_1_1:  ( 5.0591621375668649e-001,  8.4015617598105918e-001)   
 2.8308000000000000e+009   s_1_1:  ( 5.0646192542813684e-001,  8.3970901941759113e-001)   
 2.8312000000000000e+009   s_1_1:  ( 5.0700851357220111e-001,  8.3925982218689588e-001)   
 2.8316000000000000e+009   s_1_1:  ( 5.0755598197767404e-001,  8.3880856772290691e-001)   
 2.8320000000000000e+009   s_1_1:  ( 5.0810433443535363e-001,  8.3835523927983180e-001)   
 2.8324000000000000e+009   s_1_1:  ( 5.0865357473755657e-001,  8.3789981992982776e-001)   
 2.8328000000000000e+009   s_1_1:  ( 5.0920370667761761e-001,  8.3744229256063707e-001)   
 2.8332000000000000e+009   s_1_1:  ( 5.0975473404938099e-001,  8.3698263987318056e-001)   
 2.8336000000000000e+009   s_1_1:  ( 5.1030666064666319e-001,  8.3652084437912977e-001)   
 2.8340000000000000e+009   s_1_1:  ( 5.1085949026270572e-001,  8.3605688839843306e-001)   
 2.8344000000000000e+009   s_1_1:  ( 5.1141322668961431e-001,  8.3559075405680394e-001)   
 2.8348000000000000e+009   s_1_1:  ( 5.1196787371776786e-001,  8.3512242328318087e-001)   
 2.8352000000000000e+009   s_1_1:  ( 5.1252343513522469e-001,  8.3465187780713845e-001)   
 2.8356000000000000e+009   s_1_1:  ( 5.1307991472709968e-001,  8.3417909915626420e-001)   
 2.8360000000000000e+009   s_1_1:  ( 5.1363731627492570e-001,  8.3370406865349922e-001)   
 2.8364000000000000e+009   s_1_1:  ( 5.1419564355599023e-001,  8.3322676741443669e-001)   
 2.8368000000000000e+009   s_1_1:  ( 5.1475490034266658e-001,  8.3274717634457063e-001)   
 2.8372000000000000e+009   s_1_1:  ( 5.1531509040170487e-001,  8.3226527613652235e-001)   
 2.8376000000000000e+009   s_1_1:  ( 5.1587621749351475e-001,  8.3178104726720503e-001)   
 2.8380000000000000e+009   s_1_1:  ( 5.1643828537142078e-001,  8.3129446999495848e-001)   
 2.8384000000000000e+009   s_1_1:  ( 5.1700129778089843e-001,  8.3080552435663524e-001)   
 2.8388000000000000e+009   s_1_1:  ( 5.1756525845878676e-001,  8.3031419016464270e-001)   
 2.8392000000000000e+009   s_1_1:  ( 5.1813017113246940e-001,  8.2982044700394286e-001)   
 2.8396000000000000e+009   s_1_1:  ( 5.1869603951904508e-001,  8.2932427422900301e-001)   
 2.8400000000000000e+009   s_1_1:  ( 5.1926286732445948e-001,  8.2882565096070171e-001)   
 2.8404000000000000e+009   s_1_1:  ( 5.1983065824262409e-001,  8.2832455608318578e-001)   
 2.8408000000000000e+009   s_1_1:  ( 5.2039941595449424e-001,  8.2782096824068585e-001)   
 2.8412000000000000e+009   s_1_1:  ( 5.2096914412713402e-001,  8.2731486583427005e-001)   
 2.8416000000000000e+009   s_1_1:  ( 5.2153984641274409e-001,  8.2680622701856321e-001)   
 2.8420000000000000e+009   s_1_1:  ( 5.2211152644766301e-001,  8.2629502969840496e-001)   
 2.8424000000000000e+009   s_1_1:  ( 5.2268418785134152e-001,  8.2578125152546056e-001)   
 2.8428000000000000e+009   s_1_1:  ( 5.2325783422528183e-001,  8.2526486989477987e-001)   
 2.8432000000000000e+009   s_1_1:  ( 5.2383246915195236e-001,  8.2474586194129906e-001)   
 2.8436000000000000e+009   s_1_1:  ( 5.2440809619366402e-001,  8.2422420453629697e-001)   
 2.8440000000000000e+009   s_1_1:  ( 5.2498471889141896e-001,  8.2369987428378699e-001)   
 2.8444000000000000e+009   s_1_1:  ( 5.2556234076371722e-001,  8.2317284751686015e-001)   
 2.8448000000000000e+009   s_1_1:  ( 5.2614096530534482e-001,  8.2264310029396692e-001)   
 2.8452000000000000e+009   s_1_1:  ( 5.2672059598610743e-001,  8.2211060839514538e-001)   
 2.8456000000000000e+009   s_1_1:  ( 5.2730123624953962e-001,  8.2157534731818549e-001)   
 2.8460000000000000e+009   s_1_1:  ( 5.2788288951156992e-001,  8.2103729227474587e-001)   
 2.8464000000000000e+009   s_1_1:  ( 5.2846555915915749e-001,  8.2049641818638630e-001)   
 2.8468000000000000e+009   s_1_1:  ( 5.2904924854887414e-001,  8.1995269968056883e-001)   
 2.8472000000000000e+009   s_1_1:  ( 5.2963396100545779e-001,  8.1940611108657324e-001)   
 2.8476000000000000e+009   s_1_1:  ( 5.3021969982031791e-001,  8.1885662643135548e-001)   
 2.8480000000000000e+009   s_1_1:  ( 5.3080646825000122e-001,  8.1830421943534770e-001)   
 2.8484000000000000e+009   s_1_1:  ( 5.3139426951461299e-001,  8.1774886350818177e-001)   
 2.8488000000000000e+009   s_1_1:  ( 5.3198310679618876e-001,  8.1719053174435552e-001)   
 2.8492000000000000e+009   s_1_1:  ( 5.3257298323702473e-001,  8.1662919691882241e-001)   
 2.8496000000000000e+009   s_1_1:  ( 5.3316390193795549e-001,  8.1606483148252273e-001)   
 2.8500000000000000e+009   s_1_1:  ( 5.3375586595658620e-001,  8.1549740755783295e-001)   
 2.8504000000000000e+009   s_1_1:  ( 5.3434887830547473e-001,  8.1492689693394671e-001)   
 2.8508000000000000e+009   s_1_1:  ( 5.3494294195025771e-001,  8.1435327106219102e-001)   
 2.8512000000000000e+009   s_1_1:  ( 5.3553805980772395e-001,  8.1377650105125854e-001)   
 2.8516000000000000e+009   s_1_1:  ( 5.3613423474383670e-001,  8.1319655766236842e-001)   
 2.8520000000000000e+009   s_1_1:  ( 5.3673146957169848e-001,  8.1261341130435061e-001)   
 2.8524000000000000e+009   s_1_1:  ( 5.3732976704945079e-001,  8.1202703202865512e-001)   
 2.8528000000000000e+009   s_1_1:  ( 5.3792912987812447e-001,  8.1143738952427535e-001)   
 2.8532000000000000e+009   s_1_1:  ( 5.3852956069942348e-001,  8.1084445311260023e-001)   
 2.8536000000000000e+009   s_1_1:  ( 5.3913106209344408e-001,  8.1024819174217544e-001)   
 2.8540000000000000e+009   s_1_1:  ( 5.3973363657633322e-001,  8.0964857398338619e-001)   
 2.8544000000000000e+009   s_1_1:  ( 5.4033728659787938e-001,  8.0904556802305971e-001)   
 2.8548000000000000e+009   s_1_1:  ( 5.4094201453903246e-001,  8.0843914165897002e-001)   
 2.8552000000000000e+009   s_1_1:  ( 5.4154782270935686e-001,  8.0782926229426799e-001)   
 2.8556000000000000e+009   s_1_1:  ( 5.4215471334440890e-001,  8.0721589693181528e-001)   
 2.8560000000000000e+009   s_1_1:  ( 5.4276268860304289e-001,  8.0659901216842977e-001)   
 2.8564000000000000e+009   s_1_1:  ( 5.4337175056463893e-001,  8.0597857418903973e-001)   
 2.8568000000000000e+009   s_1_1:  ( 5.4398190122625423e-001,  8.0535454876074475e-001)   
 2.8572000000000000e+009   s_1_1:  ( 5.4459314249969171e-001,  8.0472690122677903e-001)   
 2.8576000000000000e+009   s_1_1:  ( 5.4520547620848336e-001,  8.0409559650038664e-001)   
 2.8580000000000000e+009   s_1_1:  ( 5.4581890408479872e-001,  8.0346059905858258e-001)   
 2.8584000000000000e+009   s_1_1:  ( 5.4643342776624904e-001,  8.0282187293583729e-001)   
 2.8588000000000000e+009   s_1_1:  ( 5.4704904879262051e-001,  8.0217938171763292e-001)   
 2.8592000000000000e+009   s_1_1:  ( 5.4766576860249572e-001,  8.0153308853394223e-001)   
 2.8596000000000000e+009   s_1_1:  ( 5.4828358852979331e-001,  8.0088295605258841e-001)   
 2.8600000000000000e+009   s_1_1:  ( 5.4890250980020650e-001,  8.0022894647249621e-001)   
 2.8604000000000000e+009   s_1_1:  ( 5.4952253352753822e-001,  7.9957102151684389e-001)   
 2.8608000000000000e+009   s_1_1:  ( 5.5014366070993170e-001,  7.9890914242610545e-001)   
 2.8612000000000000e+009   s_1_1:  ( 5.5076589222600225e-001,  7.9824326995097139e-001)   
 2.8616000000000000e+009   s_1_1:  ( 5.5138922883084651e-001,  7.9757336434516724e-001)   
 2.8620000000000000e+009   s_1_1:  ( 5.5201367115195821e-001,  7.9689938535814286e-001)   
 2.8624000000000000e+009   s_1_1:  ( 5.5263921968500773e-001,  7.9622129222766302e-001)   
 2.8628000000000000e+009   s_1_1:  ( 5.5326587478951006e-001,  7.9553904367226669e-001)   
 2.8632000000000000e+009   s_1_1:  ( 5.5389363668438274e-001,  7.9485259788360041e-001)   
 2.8636000000000000e+009   s_1_1:  ( 5.5452250544335002e-001,  7.9416191251865020e-001)   
 2.8640000000000000e+009   s_1_1:  ( 5.5515248099025494e-001,  7.9346694469181678e-001)   
 2.8644000000000000e+009   s_1_1:  ( 5.5578356309419608e-001,  7.9276765096689861e-001)   
 2.8648000000000000e+009   s_1_1:  ( 5.5641575136456323e-001,  7.9206398734891881e-001)   
 2.8652000000000000e+009   s_1_1:  ( 5.5704904524591226e-001,  7.9135590927583244e-001)   
 2.8656000000000000e+009   s_1_1:  ( 5.5768344401270142e-001,  7.9064337161010101e-001)   
 2.8660000000000000e+009   s_1_1:  ( 5.5831894676387495e-001,  7.8992632863013257e-001)   
 2.8664000000000000e+009   s_1_1:  ( 5.5895555241729766e-001,  7.8920473402157632e-001)   
 2.8668000000000000e+009   s_1_1:  ( 5.5959325970402307e-001,  7.8847854086849689e-001)   
 2.8672000000000000e+009   s_1_1:  ( 5.6023206716241858e-001,  7.8774770164437391e-001)   
 2.8676000000000000e+009   s_1_1:  ( 5.6087197313209658e-001,  7.8701216820299691e-001)   
 2.8680000000000000e+009   s_1_1:  ( 5.6151297574769221e-001,  7.8627189176919043e-001)   
 2.8684000000000000e+009   s_1_1:  ( 5.6215507293246336e-001,  7.8552682292938925e-001)   
 2.8688000000000000e+009   s_1_1:  ( 5.6279826239169894e-001,  7.8477691162207874e-001)   
 2.8692000000000000e+009   s_1_1:  ( 5.6344254160595264e-001,  7.8402210712806941e-001)   
 2.8696000000000000e+009   s_1_1:  ( 5.6408790782406815e-001,  7.8326235806062350e-001)   
 2.8700000000000000e+009   s_1_1:  ( 5.6473435805601913e-001,  7.8249761235542425e-001)   
 2.8704000000000000e+009   s_1_1:  ( 5.6538188906554743e-001,  7.8172781726037499e-001)   
 2.8708000000000000e+009   s_1_1:  ( 5.6603049736257527e-001,  7.8095291932525601e-001)   
 2.8712000000000000e+009   s_1_1:  ( 5.6668017919541669e-001,  7.8017286439119626e-001)   
 2.8716000000000000e+009   s_1_1:  ( 5.6733093054275952e-001,  7.7938759757999843e-001)   
 2.8720000000000000e+009   s_1_1:  ( 5.6798274710542196e-001,  7.7859706328327571e-001)   
 2.8724000000000000e+009   s_1_1:  ( 5.6863562429787273e-001,  7.7780120515142936e-001)   
 2.8728000000000000e+009   s_1_1:  ( 5.6928955723950481e-001,  7.7699996608245203e-001)   
 2.8732000000000000e+009   s_1_1:  ( 5.6994454074566381e-001,  7.7619328821055078e-001)   
 2.8736000000000000e+009   s_1_1:  ( 5.7060056931842607e-001,  7.7538111289459066e-001)   
 2.8740000000000000e+009   s_1_1:  ( 5.7125763713709510e-001,  7.7456338070636699e-001)   
 2.8744000000000000e+009   s_1_1:  ( 5.7191573804844487e-001,  7.7374003141867709e-001)   
 2.8748000000000000e+009   s_1_1:  ( 5.7257486555666615e-001,  7.7291100399322699e-001)   
 2.8752000000000000e+009   s_1_1:  ( 5.7323501281304645e-001,  7.7207623656832802e-001)   
 2.8756000000000000e+009   s_1_1:  ( 5.7389617260532488e-001,  7.7123566644642105e-001)   
 2.8760000000000000e+009   s_1_1:  ( 5.7455833734676931e-001,  7.7038923008139915e-001)   
 2.8764000000000000e+009   s_1_1:  ( 5.7522149906491704e-001,  7.6953686306573377e-001)   
 2.8768000000000000e+009   s_1_1:  ( 5.7588564939000808e-001,  7.6867850011740635e-001)   
 2.8772000000000000e+009   s_1_1:  ( 5.7655077954307787e-001,  7.6781407506663468e-001)   
 2.8776000000000000e+009   s_1_1:  ( 5.7721688032370222e-001,  7.6694352084240824e-001)   
 2.8780000000000000e+009   s_1_1:  ( 5.7788394209739868e-001,  7.6606676945880026e-001)   
 2.8784000000000000e+009   s_1_1:  ( 5.7855195478265742e-001,  7.6518375200109134e-001)   
 2.8788000000000000e+009   s_1_1:  ( 5.7922090783760316e-001,  7.6429439861166970e-001)   
 2.8792000000000000e+009   s_1_1:  ( 5.7989079024626455e-001,  7.6339863847572331e-001)   
 2.8796000000000000e+009   s_1_1:  ( 5.8056159050444789e-001,  7.6249639980672512e-001)   
 2.8800000000000000e+009   s_1_1:  ( 5.8123329660521017e-001,  7.6158760983169116e-001)   
 2.8804000000000000e+009   s_1_1:  ( 5.8190589602389853e-001,  7.6067219477622783e-001)   
 2.8808000000000000e+009   s_1_1:  ( 5.8257937570276663e-001,  7.5975007984934884e-001)   
 2.8812000000000000e+009   s_1_1:  ( 5.8325372203513459e-001,  7.5882118922809072e-001)   
 2.8816000000000000e+009   s_1_1:  ( 5.8392892084909809e-001,  7.5788544604187913e-001)   
 2.8820000000000000e+009   s_1_1:  ( 5.8460495739075602e-001,  7.5694277235668062e-001)   
 2.8824000000000000e+009   s_1_1:  ( 5.8528181630695753e-001,  7.5599308915893149e-001)   
 2.8828000000000000e+009   s_1_1:  ( 5.8595948162753886e-001,  7.5503631633922685e-001)   
 2.8832000000000000e+009   s_1_1:  ( 5.8663793674704823e-001,  7.5407237267578120e-001)   
 2.8836000000000000e+009   s_1_1:  ( 5.8731716440593540e-001,  7.5310117581765823e-001)   
 2.8840000000000000e+009   s_1_1:  ( 5.8799714667118952e-001,  7.5212264226777070e-001)   
 2.8844000000000000e+009   s_1_1:  ( 5.8867786491641494e-001,  7.5113668736563277e-001)   
 2.8848000000000000e+009   s_1_1:  ( 5.8935929980132262e-001,  7.5014322526988708e-001)   
 2.8852000000000000e+009   s_1_1:  ( 5.9004143125062380e-001,  7.4914216894058328e-001)   
 2.8856000000000000e+009   s_1_1:  ( 5.9072423843229660e-001,  7.4813343012123212e-001)   
 2.8860000000000000e+009   s_1_1:  ( 5.9140769973522689e-001,  7.4711691932061020e-001)   
 2.8864000000000000e+009   s_1_1:  ( 5.9209179274618495e-001,  7.4609254579432283e-001)   
 2.8868000000000000e+009   s_1_1:  ( 5.9277649422613088e-001,  7.4506021752613272e-001)   
 2.8872000000000000e+009   s_1_1:  ( 5.9346178008581596e-001,  7.4401984120905285e-001)   
 2.8876000000000000e+009   s_1_1:  ( 5.9414762536067367e-001,  7.4297132222618933e-001)   
 2.8880000000000000e+009   s_1_1:  ( 5.9483400418496934e-001,  7.4191456463134497e-001)   
 2.8884000000000000e+009   s_1_1:  ( 5.9552088976518802e-001,  7.4084947112939070e-001)   
 2.8888000000000000e+009   s_1_1:  ( 5.9620825435263258e-001,  7.3977594305639971e-001)   
 2.8892000000000000e+009   s_1_1:  ( 5.9689606921521743e-001,  7.3869388035953643e-001)   
 2.8896000000000000e+009   s_1_1:  ( 5.9758430460843370e-001,  7.3760318157670735e-001)   
 2.8900000000000000e+009   s_1_1:  ( 5.9827292974544077e-001,  7.3650374381599826e-001)   
 2.8904000000000000e+009   s_1_1:  ( 5.9896191276629551e-001,  7.3539546273484757e-001)   
 2.8908000000000000e+009   s_1_1:  ( 5.9965122070624322e-001,  7.3427823251902258e-001)   
 2.8912000000000000e+009   s_1_1:  ( 6.0034081946309426e-001,  7.3315194586134846e-001)   
 2.8916000000000000e+009   s_1_1:  ( 6.0103067376361285e-001,  7.3201649394022272e-001)   
 2.8920000000000000e+009   s_1_1:  ( 6.0172074712892831e-001,  7.3087176639789653e-001)   
 2.8924000000000000e+009   s_1_1:  ( 6.0241100183889107e-001,  7.2971765131857524e-001)   
 2.8928000000000000e+009   s_1_1:  ( 6.0310139889540382e-001,  7.2855403520625983e-001)   
 2.8932000000000000e+009   s_1_1:  ( 6.0379189798463195e-001,  7.2738080296242003e-001)   
 2.8936000000000000e+009   s_1_1:  ( 6.0448245743811180e-001,  7.2619783786345105e-001)   
 2.8940000000000000e+009   s_1_1:  ( 6.0517303419267598e-001,  7.2500502153794999e-001)   
 2.8944000000000000e+009   s_1_1:  ( 6.0586358374921490e-001,  7.2380223394378218e-001)   
 2.8948000000000000e+009   s_1_1:  ( 6.0655406013018043e-001,  7.2258935334499719e-001)   
 2.8952000000000000e+009   s_1_1:  ( 6.0724441583583966e-001,  7.2136625628855844e-001)   
 2.8956000000000000e+009   s_1_1:  ( 6.0793460179921976e-001,  7.2013281758089875e-001)   
 2.8960000000000000e+009   s_1_1:  ( 6.0862456733968961e-001,  7.1888891026437363e-001)   
 2.8964000000000000e+009   s_1_1:  ( 6.0931426011518519e-001,  7.1763440559350955e-001)   
 2.8968000000000000e+009   s_1_1:  ( 6.1000362607298708e-001,  7.1636917301115965e-001)   
 2.8972000000000000e+009   s_1_1:  ( 6.1069260939901726e-001,  7.1509308012455486e-001)   
 2.8976000000000000e+009   s_1_1:  ( 6.1138115246563873e-001,  7.1380599268122280e-001)   
 2.8980000000000000e+009   s_1_1:  ( 6.1206919577788466e-001,  7.1250777454482739e-001)   
 2.8984000000000000e+009   s_1_1:  ( 6.1275667791806898e-001,  7.1119828767095505e-001)   
 2.8988000000000000e+009   s_1_1:  ( 6.1344353548874597e-001,  7.0987739208281886e-001)   
 2.8992000000000000e+009   s_1_1:  ( 6.1412970305396664e-001,  7.0854494584693672e-001)   
 2.8996000000000000e+009   s_1_1:  ( 6.1481511307874992e-001,  7.0720080504881100e-001)   
 2.9000000000000000e+009   s_1_1:  ( 6.1549969586676723e-001,  7.0584482376857371e-001)   
 2.9004000000000000e+009   s_1_1:  ( 6.1618337949614721e-001,  7.0447685405668015e-001)   
 2.9008000000000000e+009   s_1_1:  ( 6.1686608975334378e-001,  7.0309674590966176e-001)   
 2.9012000000000000e+009   s_1_1:  ( 6.1754775006503870e-001,  7.0170434724593045e-001)   
 2.9016000000000000e+009   s_1_1:  ( 6.1822828142798913e-001,  7.0029950388170170e-001)   
 2.9020000000000000e+009   s_1_1:  ( 6.1890760233677788e-001,  6.9888205950703752e-001)   
 2.9024000000000000e+009   s_1_1:  ( 6.1958562870938771e-001,  6.9745185566207213e-001)   
 2.9028000000000000e+009   s_1_1:  ( 6.2026227381055454e-001,  6.9600873171340483e-001)   
 2.9032000000000000e+009   s_1_1:  ( 6.2093744817281293e-001,  6.9455252483075292e-001)   
 2.9036000000000000e+009   s_1_1:  ( 6.2161105951517781e-001,  6.9308306996384528e-001)   
 2.9040000000000000e+009   s_1_1:  ( 6.2228301265938946e-001,  6.9160019981964593e-001)   
 2.9044000000000000e+009   s_1_1:  ( 6.2295320944364985e-001,  6.9010374483991754e-001)   
 2.9048000000000000e+009   s_1_1:  ( 6.2362154863377128e-001,  6.8859353317917971e-001)   
 2.9052000000000000e+009   s_1_1:  ( 6.2428792583166515e-001,  6.8706939068311657e-001)   
 2.9056000000000000e+009   s_1_1:  ( 6.2495223338110040e-001,  6.8553114086747025e-001)   
 2.9060000000000000e+009   s_1_1:  ( 6.2561436027063588e-001,  6.8397860489748319e-001)   
 2.9064000000000000e+009   s_1_1:  ( 6.2627419203365053e-001,  6.8241160156795999e-001)   
 2.9068000000000000e+009   s_1_1:  ( 6.2693161064539893e-001,  6.8082994728396862e-001)   
 2.9072000000000000e+009   s_1_1:  ( 6.2758649441699110e-001,  6.7923345604227681e-001)   
 2.9076000000000000e+009   s_1_1:  ( 6.2823871788620345e-001,  6.7762193941361160e-001)   
 2.9080000000000000e+009   s_1_1:  ( 6.2888815170506052e-001,  6.7599520652574441e-001)   
 2.9084000000000000e+009   s_1_1:  ( 6.2953466252404833e-001,  6.7435306404755746e-001)   
 2.9088000000000000e+009   s_1_1:  ( 6.3017811287290892e-001,  6.7269531617410894e-001)   
 2.9092000000000000e+009   s_1_1:  ( 6.3081836103789479e-001,  6.7102176461282126e-001)   
 2.9096000000000000e+009   s_1_1:  ( 6.3145526093538229e-001,  6.6933220857086018e-001)   
 2.9100000000000000e+009   s_1_1:  ( 6.3208866198175240e-001,  6.6762644474381949e-001)   
 2.9104000000000000e+009   s_1_1:  ( 6.3271840895943932e-001,  6.6590426730578889e-001)   
 2.9108000000000000e+009   s_1_1:  ( 6.3334434187901945e-001,  6.6416546790091968e-001)   
 2.9112000000000000e+009   s_1_1:  ( 6.3396629583726016e-001,  6.6240983563661404e-001)   
 2.9116000000000000e+009   s_1_1:  ( 6.3458410087098871e-001,  6.6063715707843651e-001)   
 2.9120000000000000e+009   s_1_1:  ( 6.3519758180670216e-001,  6.5884721624688747e-001)   
 2.9124000000000000e+009   s_1_1:  ( 6.3580655810577624e-001,  6.5703979461614526e-001)   
 2.9128000000000000e+009   s_1_1:  ( 6.3641084370516543e-001,  6.5521467111496179e-001)   
 2.9132000000000000e+009   s_1_1:  ( 6.3701024685349150e-001,  6.5337162212979472e-001)   
 2.9136000000000000e+009   s_1_1:  ( 6.3760456994236669e-001,  6.5151042151040917e-001)   
 2.9140000000000000e+009   s_1_1:  ( 6.3819360933287528e-001,  6.4963084057801312e-001)   
 2.9144000000000000e+009   s_1_1:  ( 6.3877715517704359e-001,  6.4773264813619846e-001)   
 2.9148000000000000e+009   s_1_1:  ( 6.3935499123420725e-001,  6.4581561048480163e-001)   
 2.9152000000000000e+009   s_1_1:  ( 6.3992689468213171e-001,  6.4387949143689660e-001)   
 2.9156000000000000e+009   s_1_1:  ( 6.4049263592277905e-001,  6.4192405233910765e-001)   
 2.9160000000000000e+009   s_1_1:  ( 6.4105197838254835e-001,  6.3994905209549979e-001)   
 2.9164000000000000e+009   s_1_1:  ( 6.4160467830692658e-001,  6.3795424719517446e-001)   
 2.9168000000000000e+009   s_1_1:  ( 6.4215048454935708e-001,  6.3593939174390401e-001)   
 2.9172000000000000e+009   s_1_1:  ( 6.4268913835423047e-001,  6.3390423750000680e-001)   
 2.9176000000000000e+009   s_1_1:  ( 6.4322037313386482e-001,  6.3184853391468410e-001)   
 2.9180000000000000e+009   s_1_1:  ( 6.4374391423932753e-001,  6.2977202817717426e-001)   
 2.9184000000000000e+009   s_1_1:  ( 6.4425947872499834e-001,  6.2767446526491111e-001)   
 2.9188000000000000e+009   s_1_1:  ( 6.4476677510669622e-001,  6.2555558799910427e-001)   
 2.9192000000000000e+009   s_1_1:  ( 6.4526550311330999e-001,  6.2341513710591967e-001)   
 2.9196000000000000e+009   s_1_1:  ( 6.4575535343174395e-001,  6.2125285128368612e-001)   
 2.9200000000000000e+009   s_1_1:  ( 6.4623600744508725e-001,  6.1906846727648468e-001)   
 2.9204000000000000e+009   s_1_1:  ( 6.4670713696388504e-001,  6.1686171995437444e-001)   
 2.9208000000000000e+009   s_1_1:  ( 6.4716840395037745e-001,  6.1463234240078413e-001)   
 2.9212000000000000e+009   s_1_1:  ( 6.4761946023561201e-001,  6.1238006600734818e-001)   
 2.9216000000000000e+009   s_1_1:  ( 6.4805994722929927e-001,  6.1010462057667336e-001)   
 2.9220000000000000e+009   s_1_1:  ( 6.4848949562233504e-001,  6.0780573443344887e-001)   
 2.9224000000000000e+009   s_1_1:  ( 6.4890772508185035e-001,  6.0548313454440617e-001)   
 2.9228000000000000e+009   s_1_1:  ( 6.4931424393874404e-001,  6.0313654664752492e-001)   
 2.9232000000000000e+009   s_1_1:  ( 6.4970864886758395e-001,  6.0076569539107494e-001)   
 2.9236000000000000e+009   s_1_1:  ( 6.5009052455880423e-001,  5.9837030448297812e-001)   
 2.9240000000000000e+009   s_1_1:  ( 6.5045944338314055e-001,  5.9595009685109757e-001)   
 2.9244000000000000e+009   s_1_1:  ( 6.5081496504826408e-001,  5.9350479481491525e-001)   
 2.9248000000000000e+009   s_1_1:  ( 6.5115663624753850e-001,  5.9103412026936764e-001)   
 2.9252000000000000e+009   s_1_1:  ( 6.5148399030089832e-001,  5.8853779488133351e-001)   
 2.9256000000000000e+009   s_1_1:  ( 6.5179654678783427e-001,  5.8601554029951519e-001)   
 2.9260000000000000e+009   s_1_1:  ( 6.5209381117247511e-001,  5.8346707837837541e-001)   
 2.9264000000000000e+009   s_1_1:  ( 6.5237527442080423e-001,  5.8089213141685225e-001)   
 2.9268000000000000e+009   s_1_1:  ( 6.5264041261004613e-001,  5.7829042241261897e-001)   
 2.9272000000000000e+009   s_1_1:  ( 6.5288868653029597e-001,  5.7566167533262580e-001)   
 2.9276000000000000e+009   s_1_1:  ( 6.5311954127846084e-001,  5.7300561540083939e-001)   
 2.9280000000000000e+009   s_1_1:  ( 6.5333240584465635e-001,  5.7032196940390001e-001)   
 2.9284000000000000e+009   s_1_1:  ( 6.5352669269119124e-001,  5.6761046601567389e-001)   
 2.9288000000000000e+009   s_1_1:  ( 6.5370179732429901e-001,  5.6487083614163458e-001)   
 2.9292000000000000e+009   s_1_1:  ( 6.5385709785886459e-001,  5.6210281328394496e-001)   
 2.9296000000000000e+009   s_1_1:  ( 6.5399195457635995e-001,  5.5930613392827000e-001)   
 2.9300000000000000e+009   s_1_1:  ( 6.5410570947628854e-001,  5.5648053795345176e-001)   
 2.9304000000000000e+009   s_1_1:  ( 6.5419768582148330e-001,  5.5362576906489580e-001)   
 2.9308000000000000e+009   s_1_1:  ( 6.5426718767760650e-001,  5.5074157525303435e-001)   
 2.9312000000000000e+009   s_1_1:  ( 6.5431349944730999e-001,  5.4782770927784019e-001)   
 2.9316000000000000e+009   s_1_1:  ( 6.5433588539952803e-001,  5.4488392918059203e-001)   
 2.9320000000000000e+009   s_1_1:  ( 6.5433358919443152e-001,  5.4190999882421131e-001)   
 2.9324000000000000e+009   s_1_1:  ( 6.5430583340468840e-001,  5.3890568846337061e-001)   
 2.9328000000000000e+009   s_1_1:  ( 6.5425181903364904e-001,  5.3587077534564331e-001)   
 2.9332000000000000e+009   s_1_1:  ( 6.5417072503125606e-001,  5.3280504434515019e-001)   
 2.9336000000000000e+009   s_1_1:  ( 6.5406170780847483e-001,  5.2970828862995789e-001)   
 2.9340000000000000e+009   s_1_1:  ( 6.5392390075114948e-001,  5.2658031036474640e-001)   
 2.9344000000000000e+009   s_1_1:  ( 6.5375641373431326e-001,  5.2342092145016927e-001)   
 2.9348000000000000e+009   s_1_1:  ( 6.5355833263801166e-001,  5.2022994430035252e-001)   
 2.9352000000000000e+009   s_1_1:  ( 6.5332871886584987e-001,  5.1700721266012051e-001)   
 2.9356000000000000e+009   s_1_1:  ( 6.5306660886757895e-001,  5.1375257246350781e-001)   
 2.9360000000000000e+009   s_1_1:  ( 6.5277101366712031e-001,  5.1046588273504301e-001)   
 2.9364000000000000e+009   s_1_1:  ( 6.5244091839758578e-001,  5.0714701653555461e-001)   
 2.9368000000000000e+009   s_1_1:  ( 6.5207528184495644e-001,  5.0379586195398030e-001)   
 2.9372000000000000e+009   s_1_1:  ( 6.5167303600225512e-001,  5.0041232314695860e-001)   
 2.9376000000000000e+009   s_1_1:  ( 6.5123308563612270e-001,  4.9699632142774719e-001)   
 2.9380000000000000e+009   s_1_1:  ( 6.5075430786796951e-001,  4.9354779640624413e-001)   
 2.9384000000000000e+009   s_1_1:  ( 6.5023555177192938e-001,  4.9006670718166961e-001)   
 2.9388000000000000e+009   s_1_1:  ( 6.4967563799209671e-001,  4.8655303358964480e-001)   
 2.9392000000000000e+009   s_1_1:  ( 6.4907335838165559e-001,  4.8300677750530241e-001)   
 2.9396000000000000e+009   s_1_1:  ( 6.4842747566672831e-001,  4.7942796420402395e-001)   
 2.9400000000000000e+009   s_1_1:  ( 6.4773672313798603e-001,  4.7581664378144362e-001)   
 2.9404000000000000e+009   s_1_1:  ( 6.4699980437319249e-001,  4.7217289263421014e-001)   
 2.9408000000000000e+009   s_1_1:  ( 6.4621539299420772e-001,  4.6849681500308643e-001)   
 2.9412000000000000e+009   s_1_1:  ( 6.4538213246206533e-001,  4.6478854457972718e-001)   
 2.9416000000000000e+009   s_1_1:  ( 6.4449863591406842e-001,  4.6104824617854606e-001)   
 2.9420000000000000e+009   s_1_1:  ( 6.4356348604707503e-001,  4.5727611747490637e-001)   
 2.9424000000000000e+009   s_1_1:  ( 6.4257523505136793e-001,  4.5347239081076801e-001)   
 2.9428000000000000e+009   s_1_1:  ( 6.4153240459980454e-001,  4.4963733506878706e-001)   
 2.9432000000000000e+009   s_1_1:  ( 6.4043348589721705e-001,  4.4577125761577474e-001)   
 2.9436000000000000e+009   s_1_1:  ( 6.3927693979528666e-001,  4.4187450631608327e-001)   
 2.9440000000000000e+009   s_1_1:  ( 6.3806119697842223e-001,  4.3794747161553976e-001)   
 2.9444000000000000e+009   s_1_1:  ( 6.3678465822645991e-001,  4.3399058869607604e-001)   
 2.9448000000000000e+009   s_1_1:  ( 6.3544569476031543e-001,  4.3000433970107377e-001)   
 2.9452000000000000e+009   s_1_1:  ( 6.3404264867699356e-001,  4.2598925603123483e-001)   
 2.9456000000000000e+009   s_1_1:  ( 6.3257383348068330e-001,  4.2194592071023412e-001)   
 2.9460000000000000e+009   s_1_1:  ( 6.3103753471698665e-001,  4.1787497081942648e-001)   
 2.9464000000000000e+009   s_1_1:  ( 6.2943201071758381e-001,  4.1377710000005291e-001)   
 2.9468000000000000e+009   s_1_1:  ( 6.2775549346297821e-001,  4.0965306102144916e-001)   
 2.9472000000000000e+009   s_1_1:  ( 6.2600618957128318e-001,  4.0550366841290597e-001)   
 2.9476000000000000e+009   s_1_1:  ( 6.2418228142117849e-001,  4.0132980115654493e-001)   
 2.9480000000000000e+009   s_1_1:  ( 6.2228192841760899e-001,  3.9713240543800987e-001)   
 2.9484000000000000e+009   s_1_1:  ( 6.2030326840888228e-001,  3.9291249745106366e-001)   
 2.9488000000000000e+009   s_1_1:  ( 6.1824441926420060e-001,  3.8867116625172859e-001)   
 2.9492000000000000e+009   s_1_1:  ( 6.1610348062076981e-001,  3.8440957665675130e-001)   
 2.9496000000000000e+009   s_1_1:  ( 6.1387853580985718e-001,  3.8012897218054803e-001)   
 2.9500000000000000e+009   s_1_1:  ( 6.1156765397134794e-001,  3.7583067800392939e-001)   
 2.9504000000000000e+009   s_1_1:  ( 6.0916889236636840e-001,  3.7151610396714319e-001)   
 2.9508000000000000e+009   s_1_1:  ( 6.0668029889772357e-001,  3.6718674757875325e-001)   
 2.9512000000000000e+009   s_1_1:  ( 6.0409991484781955e-001,  3.6284419703106063e-001)   
 2.9516000000000000e+009   s_1_1:  ( 6.0142577784369722e-001,  3.5849013421166415e-001)   
 2.9520000000000000e+009   s_1_1:  ( 5.9865592505881293e-001,  3.5412633769981938e-001)   
 2.9524000000000000e+009   s_1_1:  ( 5.9578839666077654e-001,  3.4975468573496016e-001)   
 2.9528000000000000e+009   s_1_1:  ( 5.9282123951426935e-001,  3.4537715914383638e-001)   
 2.9532000000000000e+009   s_1_1:  ( 5.8975251114779659e-001,  3.4099584421137880e-001)   
 2.9536000000000000e+009   s_1_1:  ( 5.8658028399251660e-001,  3.3661293547911264e-001)   
 2.9540000000000000e+009   s_1_1:  ( 5.8330264990088920e-001,  3.3223073845380802e-001)   
 2.9544000000000000e+009   s_1_1:  ( 5.7991772495213778e-001,  3.2785167220770922e-001)   
 2.9548000000000000e+009   s_1_1:  ( 5.7642365455066868e-001,  3.2347827185025163e-001)   
 2.9552000000000000e+009   s_1_1:  ( 5.7281861882275442e-001,  3.1911319084994466e-001)   
 2.9556000000000000e+009   s_1_1:  ( 5.6910083831561753e-001,  3.1475920318383305e-001)   
 2.9560000000000000e+009   s_1_1:  ( 5.6526858000171343e-001,  3.1041920529028172e-001)   
 2.9564000000000000e+009   s_1_1:  ( 5.6132016358979187e-001,  3.0609621779989471e-001)   
 2.9568000000000000e+009   s_1_1:  ( 5.5725396814257067e-001,  3.0179338701789565e-001)   
 2.9572000000000000e+009   s_1_1:  ( 5.5306843899915925e-001,  2.9751398613008506e-001)   
 2.9576000000000000e+009   s_1_1:  ( 5.4876209499833750e-001,  2.9326141610328776e-001)   
 2.9580000000000000e+009   s_1_1:  ( 5.4433353599681067e-001,  2.8903920625027635e-001)   
 2.9584000000000000e+009   s_1_1:  ( 5.3978145067405192e-001,  2.8485101442799970e-001)   
 2.9588000000000000e+009   s_1_1:  ( 5.3510462461287744e-001,  2.8070062683722319e-001)   
 2.9592000000000000e+009   s_1_1:  ( 5.3030194864231617e-001,  2.7659195739107012e-001)   
 2.9596000000000000e+009   s_1_1:  ( 5.2537242742611912e-001,  2.7252904661922495e-001)   
 2.9600000000000000e+009   s_1_1:  ( 5.2031518827742684e-001,  2.6851606007454609e-001)   
 2.9604000000000000e+009   s_1_1:  ( 5.1512949017681964e-001,  2.6455728620867641e-001)   
 2.9608000000000000e+009   s_1_1:  ( 5.0981473296727642e-001,  2.6065713368334720e-001)   
 2.9612000000000000e+009   s_1_1:  ( 5.0437046669636265e-001,  2.5682012808486010e-001)   
 2.9616000000000000e+009   s_1_1:  ( 4.9879640107189460e-001,  2.5305090800974439e-001)   
 2.9620000000000000e+009   s_1_1:  ( 4.9309241499378909e-001,  2.4935422049109573e-001)   
 2.9624000000000000e+009   s_1_1:  ( 4.8725856612079615e-001,  2.4573491573652506e-001)   
 2.9628000000000000e+009   s_1_1:  ( 4.8129510042678569e-001,  2.4219794115057622e-001)   
 2.9632000000000000e+009   s_1_1:  ( 4.7520246169749147e-001,  2.3874833461712230e-001)   
 2.9636000000000000e+009   s_1_1:  ( 4.6898130091472134e-001,  2.3539121701996141e-001)   
 2.9640000000000000e+009   s_1_1:  ( 4.6263248547093466e-001,  2.3213178398318540e-001)   
 2.9644000000000000e+009   s_1_1:  ( 4.5615710815391536e-001,  2.2897529681699208e-001)   
 2.9648000000000000e+009   s_1_1:  ( 4.4955649583721768e-001,  2.2592707265858952e-001)   
 2.9652000000000000e+009   s_1_1:  ( 4.4283221780924498e-001,  2.2299247380299758e-001)   
 2.9656000000000000e+009   s_1_1:  ( 4.3598609367096136e-001,  2.2017689622396391e-001)   
 2.9660000000000000e+009   s_1_1:  ( 4.2902020072920710e-001,  2.1748575729064779e-001)   
 2.9664000000000000e+009   s_1_1:  ( 4.2193688081107145e-001,  2.1492448269256326e-001)   
 2.9668000000000000e+009   s_1_1:  ( 4.1473874642299291e-001,  2.1249849259167974e-001)   
 2.9672000000000000e+009   s_1_1:  ( 4.0742868617723937e-001,  2.1021318702794470e-001)   
 2.9676000000000000e+009   s_1_1:  ( 4.0000986940837718e-001,  2.0807393061193091e-001)   
 2.9680000000000000e+009   s_1_1:  ( 3.9248574990237328e-001,  2.0608603654614710e-001)   
 2.9684000000000000e+009   s_1_1:  ( 3.8486006866266659e-001,  2.0425475002470733e-001)   
 2.9688000000000000e+009   s_1_1:  ( 3.7713685563921956e-001,  2.0258523106916010e-001)   
 2.9692000000000000e+009   s_1_1:  ( 3.6932043034969481e-001,  2.0108253686664290e-001)   
 2.9696000000000000e+009   s_1_1:  ( 3.6141540132606220e-001,  1.9975160368485459e-001)   
 2.9700000000000000e+009   s_1_1:  ( 3.5342666432386738e-001,  1.9859722844619770e-001)   
 2.9704000000000000e+009   s_1_1:  ( 3.4535939923866033e-001,  1.9762405005172629e-001)   
 2.9708000000000000e+009   s_1_1:  ( 3.3721906567954485e-001,  1.9683653055265365e-001)   
 2.9712000000000000e+009   s_1_1:  ( 3.2901139715841637e-001,  1.9623893627442454e-001)   
 2.9716000000000000e+009   s_1_1:  ( 3.2074239386185277e-001,  1.9583531900464018e-001)   
 2.9720000000000000e+009   s_1_1:  ( 3.1241831398222875e-001,  1.9562949736180194e-001)   
 2.9724000000000000e+009   s_1_1:  ( 3.0404566359552221e-001,  1.9562503846656543e-001)   
 2.9728000000000000e+009   s_1_1:  ( 2.9563118508361519e-001,  1.9582524004099192e-001)   
 2.9732000000000000e+009   s_1_1:  ( 2.8718184411176406e-001,  1.9623311306393779e-001)   
 2.9736000000000000e+009   s_1_1:  ( 2.7870481518344925e-001,  1.9685136511211232e-001)   
 2.9740000000000000e+009   s_1_1:  ( 2.7020746580825827e-001,  1.9768238451652248e-001)   
 2.9744000000000000e+009   s_1_1:  ( 2.6169733933100731e-001,  1.9872822546277644e-001)   
 2.9748000000000000e+009   s_1_1:  ( 2.5318213648382420e-001,  1.9999059416096487e-001)   
 2.9752000000000000e+009   s_1_1:  ( 2.4466969573569466e-001,  2.0147083620676892e-001)   
 2.9756000000000000e+009   s_1_1:  ( 2.3616797252701871e-001,  2.0316992524969929e-001)   
 2.9760000000000000e+009   s_1_1:  ( 2.2768501748875464e-001,  2.0508845307736157e-001)   
 2.9764000000000000e+009   s_1_1:  ( 2.1922895375795601e-001,  2.0722662121592331e-001)   
 2.9768000000000000e+009   s_1_1:  ( 2.1080795351162443e-001,  2.0958423413714350e-001)   
 2.9772000000000000e+009   s_1_1:  ( 2.0243021385169813e-001,  2.1216069415095884e-001)   
 2.9776000000000000e+009   s_1_1:  ( 1.9410393218183164e-001,  2.1495499805020241e-001)   
 2.9780000000000000e+009   s_1_1:  ( 1.8583728122448456e-001,  2.1796573556059928e-001)   
 2.9784000000000000e+009   s_1_1:  ( 1.7763838383284902e-001,  2.2119108963469963e-001)   
 2.9788000000000000e+009   s_1_1:  ( 1.6951528775627839e-001,  2.2462883861329130e-001)   
 2.9792000000000000e+009   s_1_1:  ( 1.6147594052072059e-001,  2.2827636026228523e-001)   
 2.9796000000000000e+009   s_1_1:  ( 1.5352816458670585e-001,  2.3213063767699585e-001)   
 2.9800000000000000e+009   s_1_1:  ( 1.4567963294645631e-001,  2.3618826702969870e-001)   
 2.9804000000000000e+009   s_1_1:  ( 1.3793784531921099e-001,  2.4044546712043635e-001)   
 2.9808000000000000e+009   s_1_1:  ( 1.3031010509955004e-001,  2.4489809067528071e-001)   
 2.9812000000000000e+009   s_1_1:  ( 1.2280349720728220e-001,  2.4954163732135998e-001)   
 2.9816000000000000e+009   s_1_1:  ( 1.1542486697976406e-001,  2.5437126815350014e-001)   
 2.9820000000000000e+009   s_1_1:  ( 1.0818080023841992e-001,  2.5938182179398916e-001)   
 2.9824000000000000e+009   s_1_1:  ( 1.0107760465041134e-001,  2.6456783183482530e-001)   
 2.9828000000000000e+009   s_1_1:  ( 9.4121292494491249e-002,  2.6992354554073489e-001)   
 2.9832000000000000e+009   s_1_1:  ( 8.7317564927227670e-002,  2.7544294368189925e-001)   
 2.9836000000000000e+009   s_1_1:  ( 8.0671797831867939e-002,  2.8111976135722044e-001)   
 2.9840000000000000e+009   s_1_1:  ( 7.4189029317410213e-002,  2.8694750966277160e-001)   
 2.9844000000000000e+009   s_1_1:  ( 6.7873948920665839e-002,  2.9291949805530559e-001)   
 2.9848000000000000e+009   s_1_1:  ( 6.1730888548722163e-002,  2.9902885725780343e-001)   
 2.9852000000000000e+009   s_1_1:  ( 5.5763815183702728e-002,  3.0526856255289736e-001)   
 2.9856000000000000e+009   s_1_1:  ( 4.9976325356869758e-002,  3.1163145731028385e-001)   
 2.9860000000000000e+009   s_1_1:  ( 4.4371641383972517e-002,  3.1811027659658841e-001)   
 2.9864000000000000e+009   s_1_1:  ( 3.8952609339683544e-002,  3.2469767071937194e-001)   
 2.9868000000000000e+009   s_1_1:  ( 3.3721698735167602e-002,  3.3138622856257438e-001)   
 2.9872000000000000e+009   s_1_1:  ( 2.8681003850410600e-002,  3.3816850057641967e-001)   
 2.9876000000000000e+009   s_1_1:  ( 2.3832246660770662e-002,  3.4503702129310704e-001)   
 2.9880000000000000e+009   s_1_1:  ( 1.9176781287017677e-002,  3.5198433124750395e-001)   
 2.9884000000000000e+009   s_1_1:  ( 1.4715599888372510e-002,  3.5900299819206655e-001)   
 2.9888000000000000e+009   s_1_1:  ( 1.0449339910000258e-002,  3.6608563750514678e-001)   
 2.9892000000000000e+009   s_1_1:  ( 6.3782925894335096e-003,  3.7322493170266424e-001)   
 2.9896000000000000e+009   s_1_1:  ( 2.5024126208262609e-003,  3.8041364897410945e-001)   
 2.9900000000000000e+009   s_1_1:  (-1.1786711283477136e-003,  3.8764466067548786e-001)   
 2.9904000000000000e+009   s_1_1:  (-4.6656439566051811e-003,  3.9491095772281465e-001)   
 2.9908000000000000e+009   s_1_1:  (-7.9594928339052906e-003,  4.0220566584137252e-001)   
 2.9912000000000000e+009   s_1_1:  (-1.1061493184067656e-002,  4.0952205963691196e-001)   
 2.9916000000000000e+009   s_1_1:  (-1.3973195054429594e-002,  4.1685357546596824e-001)   
 2.9920000000000000e+009   s_1_1:  (-1.6696408781373601e-002,  4.2419382309240639e-001)   
 2.9924000000000000e+009   s_1_1:  (-1.9233190257893273e-002,  4.3153659612734696e-001)   
 2.9928000000000000e+009   s_1_1:  (-2.1585825906156514e-002,  4.3887588125906429e-001)   
 2.9932000000000000e+009   s_1_1:  (-2.3756817453627010e-002,  4.4620586628720971e-001)   
 2.9936000000000000e+009   s_1_1:  (-2.5748866606841891e-002,  4.5352094698430551e-001)   
 2.9940000000000000e+009   s_1_1:  (-2.7564859711544903e-002,  4.6081573281388843e-001)   
 2.9944000000000000e+009   s_1_1:  (-2.9207852482183633e-002,  4.6808505154128521e-001)   
 2.9948000000000000e+009   s_1_1:  (-3.0681054877741781e-002,  4.7532395277816608e-001)   
 2.9952000000000000e+009   s_1_1:  (-3.1987816194559288e-002,  4.8252771050675369e-001)   
 2.9956000000000000e+009   s_1_1:  (-3.3131610440504944e-002,  4.8969182463379890e-001)   
 2.9960000000000000e+009   s_1_1:  (-3.4116022048213651e-002,  4.9681202162701110e-001)   
 2.9964000000000000e+009   s_1_1:  (-3.4944731978669319e-002,  5.0388425428937733e-001)   
 2.9968000000000000e+009   s_1_1:  (-3.5621504260130110e-002,  5.1090470072875604e-001)   
 2.9972000000000000e+009   s_1_1:  (-3.6150173001008812e-002,  5.1786976258067974e-001)   
 2.9976000000000000e+009   s_1_1:  (-3.6534629909298538e-002,  5.2477606254347642e-001)   
 2.9980000000000000e+009   s_1_1:  (-3.6778812345390599e-002,  5.3162044128426944e-001)   
 2.9984000000000000e+009   s_1_1:  (-3.6886691929534449e-002,  5.3839995377427696e-001)   
 2.9988000000000000e+009   s_1_1:  (-3.6862263719936450e-002,  5.4511186511071275e-001)   
 2.9992000000000000e+009   s_1_1:  (-3.6709535972742152e-002,  5.5175364588132469e-001)   
 2.9996000000000000e+009   s_1_1:  (-3.6432520490411346e-002,  5.5832296712597951e-001)   
 3.0000000000000000e+009   s_1_1:  (-3.6035223560975466e-002,  5.6481769494771306e-001)   
 3.0004000000000000e+009   s_1_1:  (-3.5521637486760405e-002,  5.7123588482348453e-001)   
 3.0008000000000000e+009   s_1_1:  (-3.4895732697745707e-002,  5.7757577566276819e-001)   
 3.0012000000000000e+009   s_1_1:  (-3.4161450441581198e-002,  5.8383578365888666e-001)   
 3.0016000000000000e+009   s_1_1:  (-3.3322696039603777e-002,  5.9001449597666267e-001)   
 3.0020000000000000e+009   s_1_1:  (-3.2383332695782585e-002,  5.9611066431556470e-001)   
 3.0024000000000000e+009   s_1_1:  (-3.1347175843405406e-002,  6.0212319838647699e-001)   
 3.0028000000000000e+009   s_1_1:  (-3.0217988012579300e-002,  6.0805115933628939e-001)   
 3.0032000000000000e+009   s_1_1:  (-2.8999474200211706e-002,  6.1389375315227013e-001)   
 3.0036000000000000e+009   s_1_1:  (-2.7695277722808886e-002,  6.1965032407563525e-001)   
 3.0040000000000000e+009   s_1_1:  (-2.6308976531667083e-002,  6.2532034805047698e-001)   
 3.0044000000000000e+009   s_1_1:  (-2.4844079969181199e-002,  6.3090342623250339e-001)   
 3.0048000000000000e+009   s_1_1:  (-2.3304025944578810e-002,  6.3639927857890155e-001)   
 3.0052000000000000e+009   s_1_1:  (-2.1692178507164150e-002,  6.4180773753841247e-001)   
 3.0056000000000000e+009   s_1_1:  (-2.0011825794885973e-002,  6.4712874185880442e-001)   
 3.0060000000000000e+009   s_1_1:  (-1.8266178336273198e-002,  6.5236233052632575e-001)   
 3.0064000000000000e+009   s_1_1:  (-1.6458367683888364e-002,  6.5750863684985006e-001)   
 3.0068000000000000e+009   s_1_1:  (-1.4591445357682364e-002,  6.6256788270077227e-001)   
 3.0072000000000000e+009   s_1_1:  (-1.2668382077291263e-002,  6.6754037291749579e-001)   
 3.0076000000000000e+009   s_1_1:  (-1.0692067262535188e-002,  6.7242648988206355e-001)   
 3.0080000000000000e+009   s_1_1:  (-8.6653087822149422e-003,  6.7722668827478905e-001)   
 3.0084000000000000e+009   s_1_1:  (-6.5908329317611591e-003,  6.8194149001142845e-001)   
 3.0088000000000000e+009   s_1_1:  (-4.4712846211918400e-003,  6.8657147936598095e-001)   
 3.0092000000000000e+009   s_1_1:  (-2.3092277553746210e-003,  6.9111729828121982e-001)   
 3.0096000000000000e+009   s_1_1:  (-1.0714578952703002e-004,  6.9557964186791466e-001)   
 3.0100000000000000e+009   s_1_1:  ( 2.1325575564292709e-003,  6.9995925409275539e-001)   
 3.0104000000000000e+009   s_1_1:  ( 4.4075574401696294e-003,  7.0425692365406045e-001)   
 3.0108000000000000e+009   s_1_1:  ( 6.7156069106340532e-003,  7.0847348004374022e-001)   
 3.0112000000000000e+009   s_1_1:  ( 9.0545358070321935e-003,  7.1260978979319134e-001)   
 3.0116000000000000e+009   s_1_1:  ( 1.1422249556156838e-002,  7.1666675290011805e-001)   
 3.0120000000000000e+009   s_1_1:  ( 1.3816727880515023e-002,  7.2064529943316236e-001)   
 3.0124000000000000e+009   s_1_1:  ( 1.6236023428633506e-002,  7.2454638631025081e-001)   
 3.0128000000000000e+009   s_1_1:  ( 1.8678260338409136e-002,  7.2837099424652407e-001)   
 3.0132000000000000e+009   s_1_1:  ( 2.1141632743541250e-002,  7.3212012486742495e-001)   
 3.0136000000000000e+009   s_1_1:  ( 2.3624403232362645e-002,  7.3579479798204761e-001)   
 3.0140000000000000e+009   s_1_1:  ( 2.6124901267718048e-002,  7.3939604901183553e-001)   
 3.0144000000000000e+009   s_1_1:  ( 2.8641521575877071e-002,  7.4292492656950349e-001)   
 3.0148000000000000e+009   s_1_1:  ( 3.1172722511881301e-002,  7.4638249018293945e-001)   
 3.0152000000000000e+009   s_1_1:  ( 3.3717024407975471e-002,  7.4976980815867167e-001)   
 3.0156000000000000e+009   s_1_1:  ( 3.6273007911486688e-002,  7.5308795557975050e-001)   
 3.0160000000000000e+009   s_1_1:  ( 3.8839312317618224e-002,  7.5633801243243903e-001)   
 3.0164000000000000e+009   s_1_1:  ( 4.1414633902426556e-002,  7.5952106185656110e-001)   
 3.0168000000000000e+009   s_1_1:  ( 4.3997724260565085e-002,  7.6263818851404808e-001)   
 3.0172000000000000e+009   s_1_1:  ( 4.6587388652009398e-002,  7.6569047707050941e-001)   
 3.0176000000000000e+009   s_1_1:  ( 4.9182484361566192e-002,  7.6867901078470091e-001)   
 3.0180000000000000e+009   s_1_1:  ( 5.1781919074491201e-002,  7.7160487020068280e-001)   
 3.0184000000000000e+009   s_1_1:  ( 5.4384649271279617e-002,  7.7446913193787459e-001)   
 3.0188000000000000e+009   s_1_1:  ( 5.6989678644196018e-002,  7.7727286757399361e-001)   
 3.0192000000000000e+009   s_1_1:  ( 5.9596056537988995e-002,  7.8001714261631472e-001)   
 3.0196000000000000e+009   s_1_1:  ( 6.2202876416723341e-002,  7.8270301555657484e-001)   
 3.0200000000000000e+009   s_1_1:  ( 6.4809274358549218e-002,  7.8533153700511993e-001)   
 3.0204000000000000e+009   s_1_1:  ( 6.7414427579840286e-002,  7.8790374889997461e-001)   
 3.0208000000000000e+009   s_1_1:  ( 7.0017552990053467e-002,  7.9042068378676111e-001)   
 3.0212000000000000e+009   s_1_1:  ( 7.2617905778300629e-002,  7.9288336416543048e-001)   
 3.0216000000000000e+009   s_1_1:  ( 7.5214778032446805e-002,  7.9529280189992213e-001)   
 3.0220000000000000e+009   s_1_1:  ( 7.7807497391500946e-002,  7.9764999768720457e-001)   
 3.0224000000000000e+009   s_1_1:  ( 8.0395425731692116e-002,  7.9995594058200292e-001)   
 3.0228000000000000e+009   s_1_1:  ( 8.2977957886661513e-002,  8.0221160757396404e-001)   
 3.0232000000000000e+009   s_1_1:  ( 8.5554520401927181e-002,  8.0441796321392811e-001)   
 3.0236000000000000e+009   s_1_1:  ( 8.8124570323743545e-002,  8.0657595928628278e-001)   
 3.0240000000000000e+009   s_1_1:  ( 9.0687594022317963e-002,  8.0868653452440609e-001)   
 3.0244000000000000e+009   s_1_1:  ( 9.3243106049274327e-002,  8.1075061436645024e-001)   
 3.0248000000000000e+009   s_1_1:  ( 9.5790648029130343e-002,  8.1276911074870628e-001)   
 3.0252000000000000e+009   s_1_1:  ( 9.8329787584532202e-002,  8.1474292193412690e-001)   
 3.0256000000000000e+009   s_1_1:  ( 1.0086011729481664e-001,  8.1667293237344751e-001)   
 3.0260000000000000e+009   s_1_1:  ( 1.0338125368759948e-001,  8.1856001259681199e-001)   
 3.0264000000000000e+009   s_1_1:  ( 1.0589283626275575e-001,  8.2040501913353259e-001)   
 3.0268000000000000e+009   s_1_1:  ( 1.0839452654841431e-001,  8.2220879445809314e-001)   
 3.0272000000000000e+009   s_1_1:  ( 1.1088600718827618e-001,  8.2397216696035058e-001)   
 3.0276000000000000e+009   s_1_1:  ( 1.1336698105976822e-001,  8.2569595093818482e-001)   
 3.0280000000000000e+009   s_1_1:  ( 1.1583717042229286e-001,  8.2738094661077233e-001)   
 3.0284000000000000e+009   s_1_1:  ( 1.1829631609503022e-001,  8.2902794015095271e-001)   
 3.0288000000000000e+009   s_1_1:  ( 1.2074417666353759e-001,  8.3063770373508872e-001)   
 3.0292000000000000e+009   s_1_1:  ( 1.2318052771445764e-001,  8.3221099560893808e-001)   
 3.0296000000000000e+009   s_1_1:  ( 1.2560516109774389e-001,  8.3374856016830667e-001)   
 3.0300000000000000e+009   s_1_1:  ( 1.2801788421553068e-001,  8.3525112805303947e-001)   
 3.0304000000000000e+009   s_1_1:  ( 1.3041851933707155e-001,  8.3671941625326596e-001)   
 3.0308000000000000e+009   s_1_1:  ( 1.3280690293895037e-001,  8.3815412822671076e-001)   
 3.0312000000000000e+009   s_1_1:  ( 1.3518288506989029e-001,  8.3955595402603234e-001)   
 3.0316000000000000e+009   s_1_1:  ( 1.3754632873944722e-001,  8.4092557043522453e-001)   
 3.0320000000000000e+009   s_1_1:  ( 1.3989710932983729e-001,  8.4226364111408225e-001)   
 3.0324000000000000e+009   s_1_1:  ( 1.4223511403025468e-001,  8.4357081674994716e-001)   
 3.0328000000000000e+009   s_1_1:  ( 1.4456024129291739e-001,  8.4484773521586431e-001)   
 3.0332000000000000e+009   s_1_1:  ( 1.4687240031025223e-001,  8.4609502173442919e-001)   
 3.0336000000000000e+009   s_1_1:  ( 1.4917151051242411e-001,  8.4731328904660019e-001)   
 3.0340000000000000e+009   s_1_1:  ( 1.5145750108463929e-001,  8.4850313758483464e-001)   
 3.0344000000000000e+009   s_1_1:  ( 1.5373031050351021e-001,  8.4966515564991785e-001)   
 3.0348000000000000e+009   s_1_1:  ( 1.5598988609190378e-001,  8.5079991959095347e-001)   
 3.0352000000000000e+009   s_1_1:  ( 1.5823618359155878e-001,  8.5190799398795436e-001)   
 3.0356000000000000e+009   s_1_1:  ( 1.6046916675296014e-001,  8.5298993183656213e-001)   
 3.0360000000000000e+009   s_1_1:  ( 1.6268880694175619e-001,  8.5404627473442241e-001)   
 3.0364000000000000e+009   s_1_1:  ( 1.6489508276127979e-001,  8.5507755306886013e-001)   
 3.0368000000000000e+009   s_1_1:  ( 1.6708797969044453e-001,  8.5608428620537269e-001)   
 3.0372000000000000e+009   s_1_1:  ( 1.6926748973658057e-001,  8.5706698267666970e-001)   
 3.0376000000000000e+009   s_1_1:  ( 1.7143361110261601e-001,  8.5802614037187908e-001)   
 3.0380000000000000e+009   s_1_1:  ( 1.7358634786809840e-001,  8.5896224672565458e-001)   
 3.0384000000000000e+009   s_1_1:  ( 1.7572570968352380e-001,  8.5987577890686961e-001)   
 3.0388000000000000e+009   s_1_1:  ( 1.7785171147751216e-001,  8.6076720400668272e-001)   
 3.0392000000000000e+009   s_1_1:  ( 1.7996437317631753e-001,  8.6163697922571381e-001)   
 3.0396000000000000e+009   s_1_1:  ( 1.8206371943520600e-001,  8.6248555206012378e-001)   
 3.0400000000000000e+009   s_1_1:  ( 1.8414977938131660e-001,  8.6331336048644536e-001)   
 3.0404000000000000e+009   s_1_1:  ( 1.8622258636746386e-001,  8.6412083314491728e-001)   
 3.0408000000000000e+009   s_1_1:  ( 1.8828217773653616e-001,  8.6490838952122973e-001)   
 3.0412000000000000e+009   s_1_1:  ( 1.9032859459605161e-001,  8.6567644012650691e-001)   
 3.0416000000000000e+009   s_1_1:  ( 1.9236188160249090e-001,  8.6642538667541102e-001)   
 3.0420000000000000e+009   s_1_1:  ( 1.9438208675501623e-001,  8.6715562226224252e-001)   
 3.0424000000000000e+009   s_1_1:  ( 1.9638926119819677e-001,  8.6786753153494611e-001)   
 3.0428000000000000e+009   s_1_1:  ( 1.9838345903341720e-001,  8.6856149086693391e-001)   
 3.0432000000000000e+009   s_1_1:  ( 2.0036473713859015e-001,  8.6923786852662843e-001)   
 3.0436000000000000e+009   s_1_1:  ( 2.0233315499585569e-001,  8.6989702484468334e-001)   
 3.0440000000000000e+009   s_1_1:  ( 2.0428877452697730e-001,  8.7053931237880389e-001)   
 3.0444000000000000e+009   s_1_1:  ( 2.0623165993605369e-001,  8.7116507607612359e-001)   
 3.0448000000000000e+009   s_1_1:  ( 2.0816187755933108e-001,  8.7177465343308924e-001)   
 3.0452000000000000e+009   s_1_1:  ( 2.1007949572178936e-001,  8.7236837465282902e-001)   
 3.0456000000000000e+009   s_1_1:  ( 2.1198458460020281e-001,  8.7294656279996696e-001)   
 3.0460000000000000e+009   s_1_1:  ( 2.1387721609248028e-001,  8.7350953395286490e-001)   
 3.0464000000000000e+009   s_1_1:  ( 2.1575746369295323e-001,  8.7405759735327715e-001)   
 3.0468000000000000e+009   s_1_1:  ( 2.1762540237342420e-001,  8.7459105555340866e-001)   
 3.0472000000000000e+009   s_1_1:  ( 2.1948110846968955e-001,  8.7511020456036004e-001)   
 3.0476000000000000e+009   s_1_1:  ( 2.2132465957337677e-001,  8.7561533397798108e-001)   
 3.0480000000000000e+009   s_1_1:  ( 2.2315613442878207e-001,  8.7610672714610871e-001)   
 3.0484000000000000e+009   s_1_1:  ( 2.2497561283460266e-001,  8.7658466127722456e-001)   
 3.0488000000000000e+009   s_1_1:  ( 2.2678317555028699e-001,  8.7704940759051309e-001)   
 3.0492000000000000e+009   s_1_1:  ( 2.2857890420682547e-001,  8.7750123144336323e-001)   
 3.0496000000000000e+009   s_1_1:  ( 2.3036288122181525e-001,  8.7794039246030620e-001)   
 3.0500000000000000e+009   s_1_1:  ( 2.3213518971860914e-001,  8.7836714465942412e-001)   
 3.0504000000000000e+009   s_1_1:  ( 2.3389591344937161e-001,  8.7878173657624759e-001)   
 3.0508000000000000e+009   s_1_1:  ( 2.3564513672187160e-001,  8.7918441138516112e-001)   
 3.0512000000000000e+009   s_1_1:  ( 2.3738294432986368e-001,  8.7957540701834258e-001)   
 3.0516000000000000e+009   s_1_1:  ( 2.3910942148691494e-001,  8.7995495628227405e-001)   
 3.0520000000000000e+009   s_1_1:  ( 2.4082465376349704e-001,  8.8032328697184270e-001)   
 3.0524000000000000e+009   s_1_1:  ( 2.4252872702724282e-001,  8.8068062198206210e-001)   
 3.0528000000000000e+009   s_1_1:  ( 2.4422172738619585e-001,  8.8102717941745068e-001)   
 3.0532000000000000e+009   s_1_1:  ( 2.4590374113496721e-001,  8.8136317269910291e-001)   
 3.0536000000000000e+009   s_1_1:  ( 2.4757485470361240e-001,  8.8168881066947002e-001)   
 3.0540000000000000e+009   s_1_1:  ( 2.4923515460919188e-001,  8.8200429769490685e-001)   
 3.0544000000000000e+009   s_1_1:  ( 2.5088472740981071e-001,  8.8230983376600136e-001)   
 3.0548000000000000e+009   s_1_1:  ( 2.5252365966109414e-001,  8.8260561459572884e-001)   
 3.0552000000000000e+009   s_1_1:  ( 2.5415203787498941e-001,  8.8289183171547547e-001)   
 3.0556000000000000e+009   s_1_1:  ( 2.5576994848072304e-001,  8.8316867256894405e-001)   
 3.0560000000000000e+009   s_1_1:  ( 2.5737747778793413e-001,  8.8343632060400890e-001)   
 3.0564000000000000e+009   s_1_1:  ( 2.5897471195177185e-001,  8.8369495536252796e-001)   
 3.0568000000000000e+009   s_1_1:  ( 2.6056173693995111e-001,  8.8394475256816640e-001)   
 3.0572000000000000e+009   s_1_1:  ( 2.6213863850163227e-001,  8.8418588421226207e-001)   
 3.0576000000000000e+009   s_1_1:  ( 2.6370550213811217e-001,  8.8441851863777043e-001)   
 3.0580000000000000e+009   s_1_1:  ( 2.6526241307511111e-001,  8.8464282062132382e-001)   
 3.0584000000000000e+009   s_1_1:  ( 2.6680945623675334e-001,  8.8485895145344617e-001)   
 3.0588000000000000e+009   s_1_1:  ( 2.6834671622105682e-001,  8.8506706901695109e-001)   
 3.0592000000000000e+009   s_1_1:  ( 2.6987427727685132e-001,  8.8526732786356521e-001)   
 3.0596000000000000e+009   s_1_1:  ( 2.7139222328215923e-001,  8.8545987928881753e-001)   
 3.0600000000000000e+009   s_1_1:  ( 2.7290063772387607e-001,  8.8564487140521053e-001)   
 3.0604000000000000e+009   s_1_1:  ( 2.7439960367875227e-001,  8.8582244921373599e-001)   
 3.0608000000000000e+009   s_1_1:  ( 2.7588920379555842e-001,  8.8599275467374428e-001)   
 3.0612000000000000e+009   s_1_1:  ( 2.7736952027845635e-001,  8.8615592677121713e-001)   
 3.0616000000000000e+009   s_1_1:  ( 2.7884063487146354e-001,  8.8631210158547247e-001)   
 3.0620000000000000e+009   s_1_1:  ( 2.8030262884396367e-001,  8.8646141235433640e-001)   
 3.0624000000000000e+009   s_1_1:  ( 2.8175558297725922e-001,  8.8660398953780928e-001)   
 3.0628000000000000e+009   s_1_1:  ( 2.8319957755204095e-001,  8.8673996088026696e-001)   
 3.0632000000000000e+009   s_1_1:  ( 2.8463469233683913e-001,  8.8686945147122720e-001)   
 3.0636000000000000e+009   s_1_1:  ( 2.8606100657728406e-001,  8.8699258380470614e-001)   
 3.0640000000000000e+009   s_1_1:  ( 2.8747859898624600e-001,  8.8710947783720084e-001)   
 3.0644000000000000e+009   s_1_1:  ( 2.8888754773477160e-001,  8.8722025104433344e-001)   
 3.0648000000000000e+009   s_1_1:  ( 2.9028793044373635e-001,  8.8732501847617495e-001)   
 3.0652000000000000e+009   s_1_1:  ( 2.9167982417626848e-001,  8.8742389281129030e-001)   
 3.0656000000000000e+009   s_1_1:  ( 2.9306330543083731e-001,  8.8751698440952209e-001)   
 3.0660000000000000e+009   s_1_1:  ( 2.9443845013498193e-001,  8.8760440136355556e-001)   
 3.0664000000000000e+009   s_1_1:  ( 2.9580533363969236e-001,  8.8768624954927267e-001)   
 3.0668000000000000e+009   s_1_1:  ( 2.9716403071435699e-001,  8.8776263267495015e-001)   
 3.0672000000000000e+009   s_1_1:  ( 2.9851461554229619e-001,  8.8783365232929923e-001)   
 3.0676000000000000e+009   s_1_1:  ( 2.9985716171679405e-001,  8.8789940802839240e-001)   
 3.0680000000000000e+009   s_1_1:  ( 3.0119174223770606e-001,  8.8795999726149899e-001)   
 3.0684000000000000e+009   s_1_1:  ( 3.0251842950846231e-001,  8.8801551553585090e-001)   
 3.0688000000000000e+009   s_1_1:  ( 3.0383729533360343e-001,  8.8806605642036773e-001)   
 3.0692000000000000e+009   s_1_1:  ( 3.0514841091673389e-001,  8.8811171158836177e-001)   
 3.0696000000000000e+009   s_1_1:  ( 3.0645184685885035e-001,  8.8815257085925237e-001)   
 3.0700000000000000e+009   s_1_1:  ( 3.0774767315710683e-001,  8.8818872223930234e-001)   
 3.0704000000000000e+009   s_1_1:  ( 3.0903595920394966e-001,  8.8822025196141574e-001)   
 3.0708000000000000e+009   s_1_1:  ( 3.1031677378658096e-001,  8.8824724452399995e-001)   
 3.0712000000000000e+009   s_1_1:  ( 3.1159018508677405e-001,  8.8826978272893187e-001)   
 3.0716000000000000e+009   s_1_1:  ( 3.1285626068098998e-001,  8.8828794771863562e-001)   
 3.0720000000000000e+009   s_1_1:  ( 3.1411506754082580e-001,  8.8830181901230110e-001)   
 3.0724000000000000e+009   s_1_1:  ( 3.1536667203371582e-001,  8.8831147454126114e-001)   
 3.0728000000000000e+009   s_1_1:  ( 3.1661113992388540e-001,  8.8831699068354597e-001)   
 3.0732000000000000e+009   s_1_1:  ( 3.1784853637362442e-001,  8.8831844229763801e-001)   
 3.0736000000000000e+009   s_1_1:  ( 3.1907892594473158e-001,  8.8831590275543992e-001)   
 3.0740000000000000e+009   s_1_1:  ( 3.2030237260020356e-001,  8.8830944397448341e-001)   
 3.0744000000000000e+009   s_1_1:  ( 3.2151893970616358e-001,  8.8829913644938852e-001)   
 3.0748000000000000e+009   s_1_1:  ( 3.2272869003394888e-001,  8.8828504928259799e-001)   
 3.0752000000000000e+009   s_1_1:  ( 3.2393168576242981e-001,  8.8826725021439534e-001)   
 3.0756000000000000e+009   s_1_1:  ( 3.2512798848045893e-001,  8.8824580565223588e-001)   
 3.0760000000000000e+009   s_1_1:  ( 3.2631765918952854e-001,  8.8822078069939825e-001)   
 3.0764000000000000e+009   s_1_1:  ( 3.2750075830654979e-001,  8.8819223918297063e-001)   
 3.0768000000000000e+009   s_1_1:  ( 3.2867734566680140e-001,  8.8816024368120128e-001)   
 3.0772000000000000e+009   s_1_1:  ( 3.2984748052702056e-001,  8.8812485555021037e-001)   
 3.0776000000000000e+009   s_1_1:  ( 3.3101122156858553e-001,  8.8808613495009159e-001)   
 3.0780000000000000e+009   s_1_1:  ( 3.3216862690085480e-001,  8.8804414087041406e-001)   
 3.0784000000000000e+009   s_1_1:  ( 3.3331975406460113e-001,  8.8799893115513973e-001)   
 3.0788000000000000e+009   s_1_1:  ( 3.3446466003555597e-001,  8.8795056252696658e-001)   
 3.0792000000000000e+009   s_1_1:  ( 3.3560340122804000e-001,  8.8789909061111616e-001)   
 3.0796000000000000e+009   s_1_1:  ( 3.3673603349868947e-001,  8.8784456995857619e-001)   
 3.0800000000000000e+009   s_1_1:  ( 3.3786261215026375e-001,  8.8778705406881386e-001)   
 3.0804000000000000e+009   s_1_1:  ( 3.3898319193552751e-001,  8.8772659541197019e-001)   
 3.0808000000000000e+009   s_1_1:  ( 3.4009782706121316e-001,  8.8766324545054376e-001)   
 3.0812000000000000e+009   s_1_1:  ( 3.4120657119202685e-001,  8.8759705466058958e-001)   
 3.0816000000000000e+009   s_1_1:  ( 3.4230947745472523e-001,  8.8752807255242816e-001)   
 3.0820000000000000e+009   s_1_1:  ( 3.4340659844225119e-001,  8.8745634769088699e-001)   
 3.0824000000000000e+009   s_1_1:  ( 3.4449798621791977e-001,  8.8738192771508495e-001)   
 3.0828000000000000e+009   s_1_1:  ( 3.4558369231961122e-001,  8.8730485935776549e-001)   
 3.0832000000000000e+009   s_1_1:  ( 3.4666376776405555e-001,  8.8722518846419252e-001)   
 3.0836000000000000e+009   s_1_1:  ( 3.4773826305111438e-001,  8.8714296001062387e-001)   
 3.0840000000000000e+009   s_1_1:  ( 3.4880722816811421e-001,  8.8705821812236152e-001)   
 3.0844000000000000e+009   s_1_1:  ( 3.4987071259419245e-001,  8.8697100609139867e-001)   
 3.0848000000000000e+009   s_1_1:  ( 3.5092876530467099e-001,  8.8688136639367166e-001)   
 3.0852000000000000e+009   s_1_1:  ( 3.5198143477544952e-001,  8.8678934070592086e-001)   
 3.0856000000000000e+009   s_1_1:  ( 3.5302876898742341e-001,  8.8669496992217312e-001)   
 3.0860000000000000e+009   s_1_1:  ( 3.5407081543089336e-001,  8.8659829416985847e-001)   
 3.0864000000000000e+009   s_1_1:  ( 3.5510762111000399e-001,  8.8649935282556536e-001)   
 3.0868000000000000e+009   s_1_1:  ( 3.5613923254718727e-001,  8.8639818453043928e-001)   
 3.0872000000000000e+009   s_1_1:  ( 3.5716569578759466e-001,  8.8629482720524422e-001)   
 3.0876000000000000e+009   s_1_1:  ( 3.5818705640356019e-001,  8.8618931806508572e-001)   
 3.0880000000000000e+009   s_1_1:  ( 3.5920335949901938e-001,  8.8608169363380873e-001)   
 3.0884000000000000e+009   s_1_1:  ( 3.6021464971396966e-001,  8.8597198975807001e-001)   
 3.0888000000000000e+009   s_1_1:  ( 3.6122097122890529e-001,  8.8586024162110744e-001)   
 3.0892000000000000e+009   s_1_1:  ( 3.6222236776923755e-001,  8.8574648375619713e-001)   
 3.0896000000000000e+009   s_1_1:  ( 3.6321888260971702e-001,  8.8563075005981640e-001)   
 3.0900000000000000e+009   s_1_1:  ( 3.6421055857885076e-001,  8.8551307380451549e-001)   
 3.0904000000000000e+009   s_1_1:  ( 3.6519743806328064e-001,  8.8539348765150971e-001)   
 3.0908000000000000e+009   s_1_1:  ( 3.6617956301218557e-001,  8.8527202366298474e-001)   
 3.0912000000000000e+009   s_1_1:  ( 3.6715697494162775e-001,  8.8514871331414635e-001)   
 3.0916000000000000e+009   s_1_1:  ( 3.6812971493891244e-001,  8.8502358750498855e-001)   
 3.0920000000000000e+009   s_1_1:  ( 3.6909782366690869e-001,  8.8489667657182203e-001)   
 3.0924000000000000e+009   s_1_1:  ( 3.7006134136837648e-001,  8.8476801029853591e-001)   
 3.0928000000000000e+009   s_1_1:  ( 3.7102030787022300e-001,  8.8463761792762530e-001)   
 3.0932000000000000e+009   s_1_1:  ( 3.7197476258780665e-001,  8.8450552817096817e-001)   
 3.0936000000000000e+009   s_1_1:  ( 3.7292474452914398e-001,  8.8437176922037741e-001)   
 3.0940000000000000e+009   s_1_1:  ( 3.7387029229914898e-001,  8.8423636875791933e-001)   
 3.0944000000000000e+009   s_1_1:  ( 3.7481144410382111e-001,  8.8409935396600603e-001)   
 3.0948000000000000e+009   s_1_1:  ( 3.7574823775441030e-001,  8.8396075153727460e-001)   
 3.0952000000000000e+009   s_1_1:  ( 3.7668071067155684e-001,  8.8382058768425087e-001)   
 3.0956000000000000e+009   s_1_1:  ( 3.7760889988940205e-001,  8.8367888814880546e-001)   
 3.0960000000000000e+009   s_1_1:  ( 3.7853284205967053e-001,  8.8353567821140300e-001)   
 3.0964000000000000e+009   s_1_1:  ( 3.7945257345573558e-001,  8.8339098270015759e-001)   
 3.0968000000000000e+009   s_1_1:  ( 3.8036812997663005e-001,  8.8324482599968923e-001)   
 3.0972000000000000e+009   s_1_1:  ( 3.8127954715104240e-001,  8.8309723205979762e-001)   
 3.0976000000000000e+009   s_1_1:  ( 3.8218686014130154e-001,  8.8294822440393972e-001)   
 3.0980000000000000e+009   s_1_1:  ( 3.8309010374728081e-001,  8.8279782613753777e-001)   
 3.0984000000000000e+009   s_1_1:  ( 3.8398931241031703e-001,  8.8264605995610390e-001)   
 3.0988000000000000e+009   s_1_1:  ( 3.8488452021708597e-001,  8.8249294815319179e-001)   
 3.0992000000000000e+009   s_1_1:  ( 3.8577576090341770e-001,  8.8233851262818330e-001)   
 3.0996000000000000e+009   s_1_1:  ( 3.8666306785812637e-001,  8.8218277489390595e-001)   
 3.1000000000000000e+009   s_1_1:  ( 3.8754647412677723e-001,  8.8202575608409273e-001)   
 3.1004000000000000e+009   s_1_1:  ( 3.8842601241541180e-001,  8.8186747696068157e-001)   
 3.1008000000000000e+009   s_1_1:  ( 3.8930171509427425e-001,  8.8170795792096524e-001)   
 3.1012000000000000e+009   s_1_1:  ( 3.9017361420147140e-001,  8.8154721900458366e-001)   
 3.1016000000000000e+009   s_1_1:  ( 3.9104174144662779e-001,  8.8138527990037518e-001)   
 3.1020000000000000e+009   s_1_1:  ( 3.9190612821447579e-001,  8.8122215995308451e-001)   
 3.1024000000000000e+009   s_1_1:  ( 3.9276680556843691e-001,  8.8105787816992631e-001)   
 3.1028000000000000e+009   s_1_1:  ( 3.9362380425416194e-001,  8.8089245322701371e-001)   
 3.1032000000000000e+009   s_1_1:  ( 3.9447715470303474e-001,  8.8072590347565283e-001)   
 3.1036000000000000e+009   s_1_1:  ( 3.9532688703564656e-001,  8.8055824694850671e-001)   
 3.1040000000000000e+009   s_1_1:  ( 3.9617303106522844e-001,  8.8038950136563132e-001)   
 3.1044000000000000e+009   s_1_1:  ( 3.9701561630106635e-001,  8.8021968414038221e-001)   
 3.1048000000000000e+009   s_1_1:  ( 3.9785467195185636e-001,  8.8004881238520505e-001)   
 3.1052000000000000e+009   s_1_1:  ( 3.9869022692905914e-001,  8.7987690291730480e-001)   
 3.1056000000000000e+009   s_1_1:  ( 3.9952230985018261e-001,  8.7970397226419350e-001)   
 3.1060000000000000e+009   s_1_1:  ( 4.0035094904207463e-001,  8.7953003666912877e-001)   
 3.1064000000000000e+009   s_1_1:  ( 4.0117617254413918e-001,  8.7935511209644002e-001)   
 3.1068000000000000e+009   s_1_1:  ( 4.0199800811155534e-001,  8.7917921423673984e-001)   
 3.1072000000000000e+009   s_1_1:  ( 4.0281648321843050e-001,  8.7900235851203912e-001)   
 3.1076000000000000e+009   s_1_1:  ( 4.0363162506095529e-001,  8.7882456008074483e-001)   
 3.1080000000000000e+009   s_1_1:  ( 4.0444346056048752e-001,  8.7864583384256778e-001)   
 3.1084000000000000e+009   s_1_1:  ( 4.0525201636663849e-001,  8.7846619444332230e-001)   
 3.1088000000000000e+009   s_1_1:  ( 4.0605731886030338e-001,  8.7828565627963029e-001)   
 3.1092000000000000e+009   s_1_1:  ( 4.0685939415667116e-001,  8.7810423350353106e-001)   
 3.1096000000000000e+009   s_1_1:  ( 4.0765826810818828e-001,  8.7792194002699842e-001)   
 3.1100000000000000e+009   s_1_1:  ( 4.0845396630750791e-001,  8.7773878952636353e-001)   
 3.1104000000000000e+009   s_1_1:  ( 4.0924651409040314e-001,  8.7755479544664983e-001)   
 3.1108000000000000e+009   s_1_1:  ( 4.1003593653863080e-001,  8.7736997100582048e-001)   
 3.1112000000000000e+009   s_1_1:  ( 4.1082225848278370e-001,  8.7718432919894351e-001)   
 3.1116000000000000e+009   s_1_1:  ( 4.1160550450511124e-001,  8.7699788280226487e-001)   
 3.1120000000000000e+009   s_1_1:  ( 4.1238569894228921e-001,  8.7681064437721212e-001)   
 3.1124000000000000e+009   s_1_1:  ( 4.1316286588818985e-001,  8.7662262627430287e-001)   
 3.1128000000000000e+009   s_1_1:  ( 4.1393702919658382e-001,  8.7643384063699181e-001)   
 3.1132000000000000e+009   s_1_1:  ( 4.1470821248384399e-001,  8.7624429940542736e-001)   
 3.1136000000000000e+009   s_1_1:  ( 4.1547643913159860e-001,  8.7605401432014052e-001)   
 3.1140000000000000e+009   s_1_1:  ( 4.1624173228937306e-001,  8.7586299692565950e-001)   
 3.1144000000000000e+009   s_1_1:  ( 4.1700411487718225e-001,  8.7567125857404871e-001)   
 3.1148000000000000e+009   s_1_1:  ( 4.1776360958810194e-001,  8.7547881042838616e-001)   
 3.1152000000000000e+009   s_1_1:  ( 4.1852023889081330e-001,  8.7528566346616143e-001)   
 3.1156000000000000e+009   s_1_1:  ( 4.1927402503211947e-001,  8.7509182848261635e-001)   
 3.1160000000000000e+009   s_1_1:  ( 4.2002499003943056e-001,  8.7489731609401100e-001)   
 3.1164000000000000e+009   s_1_1:  ( 4.2077315572320823e-001,  8.7470213674083519e-001)   
 3.1168000000000000e+009   s_1_1:  ( 4.2151854367941105e-001,  8.7450630069094881e-001)   
 3.1172000000000000e+009   s_1_1:  ( 4.2226117529188123e-001,  8.7430981804266406e-001)   
 3.1176000000000000e+009   s_1_1:  ( 4.2300107173472112e-001,  8.7411269872776787e-001)   
 3.1180000000000000e+009   s_1_1:  ( 4.2373825397464038e-001,  8.7391495251448270e-001)   
 3.1184000000000000e+009   s_1_1:  ( 4.2447274277327823e-001,  8.7371658901037308e-001)   
 3.1188000000000000e+009   s_1_1:  ( 4.2520455868947538e-001,  8.7351761766519476e-001)   
 3.1192000000000000e+009   s_1_1:  ( 4.2593372208156793e-001,  8.7331804777368405e-001)   
 3.1196000000000000e+009   s_1_1:  ( 4.2666025310959294e-001,  8.7311788847830241e-001)   
 3.1200000000000000e+009   s_1_1:  ( 4.2738417173752496e-001,  8.7291714877191795e-001)   
 3.1204000000000000e+009   s_1_1:  ( 4.2810549773544948e-001,  8.7271583750044024e-001)   
 3.1208000000000000e+009   s_1_1:  ( 4.2882425068172908e-001,  8.7251396336540643e-001)   
 3.1212000000000000e+009   s_1_1:  ( 4.2954044996513252e-001,  8.7231153492651237e-001)   
 3.1216000000000000e+009   s_1_1:  ( 4.3025411478694842e-001,  8.7210856060409736e-001)   
 3.1220000000000000e+009   s_1_1:  ( 4.3096526416307301e-001,  8.7190504868158336e-001)   
 3.1224000000000000e+009   s_1_1:  ( 4.3167391692606544e-001,  8.7170100730786448e-001)   
 3.1228000000000000e+009   s_1_1:  ( 4.3238009172718611e-001,  8.7149644449965225e-001)   
 3.1232000000000000e+009   s_1_1:  ( 4.3308380703840887e-001,  8.7129136814377550e-001)   
 3.1236000000000000e+009   s_1_1:  ( 4.3378508115440773e-001,  8.7108578599943942e-001)   
 3.1240000000000000e+009   s_1_1:  ( 4.3448393219452713e-001,  8.7087970570043471e-001)   
 3.1244000000000000e+009   s_1_1:  ( 4.3518037810471749e-001,  8.7067313475731334e-001)   
 3.1248000000000000e+009   s_1_1:  ( 4.3587443665945597e-001,  8.7046608055951658e-001)   
 3.1252000000000000e+009   s_1_1:  ( 4.3656612546364382e-001,  8.7025855037746802e-001)   
 3.1256000000000000e+009   s_1_1:  ( 4.3725546195448300e-001,  8.7005055136461840e-001)   
 3.1260000000000000e+009   s_1_1:  ( 4.3794246340331755e-001,  8.6984209055946571e-001)   
 3.1264000000000000e+009   s_1_1:  ( 4.3862714691747068e-001,  8.6963317488752445e-001)   
 3.1268000000000000e+009   s_1_1:  ( 4.3930952944205071e-001,  8.6942381116326395e-001)   
 3.1272000000000000e+009   s_1_1:  ( 4.3998962776173539e-001,  8.6921400609201105e-001)   
 3.1276000000000000e+009   s_1_1:  ( 4.4066745850254058e-001,  8.6900376627181020e-001)   
 3.1280000000000000e+009   s_1_1:  ( 4.4134303813356029e-001,  8.6879309819526274e-001)   
 3.1284000000000000e+009   s_1_1:  ( 4.4201638296868817e-001,  8.6858200825131560e-001)   
 3.1288000000000000e+009   s_1_1:  ( 4.4268750916832572e-001,  8.6837050272702765e-001)   
 3.1292000000000000e+009   s_1_1:  ( 4.4335643274106018e-001,  8.6815858780929989e-001)   
 3.1296000000000000e+009   s_1_1:  ( 4.4402316954533205e-001,  8.6794626958657173e-001)   
 3.1300000000000000e+009   s_1_1:  ( 4.4468773529106770e-001,  8.6773355405049202e-001)   
 3.1304000000000000e+009   s_1_1:  ( 4.4535014554130853e-001,  8.6752044709755016e-001)   
 3.1308000000000000e+009   s_1_1:  ( 4.4601041571381345e-001,  8.6730695453068551e-001)   
 3.1312000000000000e+009   s_1_1:  ( 4.4666856108264674e-001,  8.6709308206086133e-001)   
 3.1316000000000000e+009   s_1_1:  ( 4.4732459677973768e-001,  8.6687883530861087e-001)   
 3.1320000000000000e+009   s_1_1:  ( 4.4797853779643021e-001,  8.6666421980556130e-001)   
 3.1324000000000000e+009   s_1_1:  ( 4.4863039898500984e-001,  8.6644924099591836e-001)   
 3.1328000000000000e+009   s_1_1:  ( 4.4928019506021455e-001,  8.6623390423793500e-001)   
 3.1332000000000000e+009   s_1_1:  ( 4.4992794060072860e-001,  8.6601821480534613e-001)   
 3.1336000000000000e+009   s_1_1:  ( 4.5057365005065164e-001,  8.6580217788877900e-001)   
 3.1340000000000000e+009   s_1_1:  ( 4.5121733772096151e-001,  8.6558579859713991e-001)   
 3.1344000000000000e+009   s_1_1:  ( 4.5185901779094589e-001,  8.6536908195897300e-001)   
 3.1348000000000000e+009   s_1_1:  ( 4.5249870430963479e-001,  8.6515203292379583e-001)   
 3.1352000000000000e+009   s_1_1:  ( 4.5313641119719822e-001,  8.6493465636340905e-001)   
 3.1356000000000000e+009   s_1_1:  ( 4.5377215224633832e-001,  8.6471695707318685e-001)   
 3.1360000000000000e+009   s_1_1:  ( 4.5440594112365240e-001,  8.6449893977333914e-001)   
 3.1364000000000000e+009   s_1_1:  ( 4.5503779137100503e-001,  8.6428060911015248e-001)   
 3.1368000000000000e+009   s_1_1:  ( 4.5566771640684950e-001,  8.6406196965721116e-001)   
 3.1372000000000000e+009   s_1_1:  ( 4.5629572952756448e-001,  8.6384302591659212e-001)   
 3.1376000000000000e+009   s_1_1:  ( 4.5692184390875729e-001,  8.6362378232004211e-001)   
 3.1380000000000000e+009   s_1_1:  ( 4.5754607260655100e-001,  8.6340424323013176e-001)   
 3.1384000000000000e+009   s_1_1:  ( 4.5816842855886808e-001,  8.6318441294139114e-001)   
 3.1388000000000000e+009   s_1_1:  ( 4.5878892458669651e-001,  8.6296429568141841e-001)   
 3.1392000000000000e+009   s_1_1:  ( 4.5940757339532046e-001,  8.6274389561198195e-001)   
 3.1396000000000000e+009   s_1_1:  ( 4.6002438757556502e-001,  8.6252321683008848e-001)   
 3.1400000000000000e+009   s_1_1:  ( 4.6063937960501072e-001,  8.6230226336904081e-001)   
 3.1404000000000000e+009   s_1_1:  ( 4.6125256184919233e-001,  8.6208103919947443e-001)   
 3.1408000000000000e+009   s_1_1:  ( 4.6186394656279373e-001,  8.6185954823037658e-001)   
 3.1412000000000000e+009   s_1_1:  ( 4.6247354589081796e-001,  8.6163779431008480e-001)   
 3.1416000000000000e+009   s_1_1:  ( 4.6308137186974668e-001,  8.6141578122727225e-001)   
 3.1420000000000000e+009   s_1_1:  ( 4.6368743642869098e-001,  8.6119351271191213e-001)   
 3.1424000000000000e+009   s_1_1:  ( 4.6429175139052314e-001,  8.6097099243622344e-001)   
 3.1428000000000000e+009   s_1_1:  ( 4.6489432847299283e-001,  8.6074822401560913e-001)   
 3.1432000000000000e+009   s_1_1:  ( 4.6549517928984102e-001,  8.6052521100956492e-001)   
 3.1436000000000000e+009   s_1_1:  ( 4.6609431535188783e-001,  8.6030195692258304e-001)   
 3.1440000000000000e+009   s_1_1:  ( 4.6669174806811181e-001,  8.6007846520503561e-001)   
 3.1444000000000000e+009   s_1_1:  ( 4.6728748874672249e-001,  8.5985473925404121e-001)   
 3.1448000000000000e+009   s_1_1:  ( 4.6788154859621350e-001,  8.5963078241432078e-001)   
 3.1452000000000000e+009   s_1_1:  ( 4.6847393872640414e-001,  8.5940659797903418e-001)   
 3.1456000000000000e+009   s_1_1:  ( 4.6906467014947478e-001,  8.5918218919060396e-001)   
 3.1460000000000000e+009   s_1_1:  ( 4.6965375378097940e-001,  8.5895755924152639e-001)   
 3.1464000000000000e+009   s_1_1:  ( 4.7024120044085566e-001,  8.5873271127516626e-001)   
 3.1468000000000000e+009   s_1_1:  ( 4.7082702085441736e-001,  8.5850764838653992e-001)   
 3.1472000000000000e+009   s_1_1:  ( 4.7141122565333893e-001,  8.5828237362308246e-001)   
 3.1476000000000000e+009   s_1_1:  ( 4.7199382537662643e-001,  8.5805688998540264e-001)   
 3.1480000000000000e+009   s_1_1:  ( 4.7257483047157989e-001,  8.5783120042802741e-001)   
 3.1484000000000000e+009   s_1_1:  ( 4.7315425129473521e-001,  8.5760530786012867e-001)   
 3.1488000000000000e+009   s_1_1:  ( 4.7373209811281386e-001,  8.5737921514624227e-001)   
 3.1492000000000000e+009   s_1_1:  ( 4.7430838110363660e-001,  8.5715292510697105e-001)   
 3.1496000000000000e+009   s_1_1:  ( 4.7488311035704894e-001,  8.5692644051968003e-001)   
 3.1500000000000000e+009   s_1_1:  ( 4.7545629587582061e-001,  8.5669976411917559e-001)   
 3.1504000000000000e+009   s_1_1:  ( 4.7602794757654421e-001,  8.5647289859837450e-001)   
 3.1508000000000000e+009   s_1_1:  ( 4.7659807529051634e-001,  8.5624584660896286e-001)   
 3.1512000000000000e+009   s_1_1:  ( 4.7716668876462104e-001,  8.5601861076204044e-001)   
 3.1516000000000000e+009   s_1_1:  ( 4.7773379766217156e-001,  8.5579119362876410e-001)   
 3.1520000000000000e+009   s_1_1:  ( 4.7829941156379269e-001,  8.5556359774096036e-001)   
 3.1524000000000000e+009   s_1_1:  ( 4.7886353996824477e-001,  8.5533582559175103e-001)   
 3.1528000000000000e+009   s_1_1:  ( 4.7942619229326261e-001,  8.5510787963615364e-001)   
 3.1532000000000000e+009   s_1_1:  ( 4.7998737787638246e-001,  8.5487976229167328e-001)   
 3.1536000000000000e+009   s_1_1:  ( 4.8054710597575889e-001,  8.5465147593888713e-001)   
 3.1540000000000000e+009   s_1_1:  ( 4.8110538577096124e-001,  8.5442302292202432e-001)   
 3.1544000000000000e+009   s_1_1:  ( 4.8166222636378453e-001,  8.5419440554951975e-001)   
 3.1548000000000000e+009   s_1_1:  ( 4.8221763677902046e-001,  8.5396562609458049e-001)   
 3.1552000000000000e+009   s_1_1:  ( 4.8277162596524092e-001,  8.5373668679572612e-001)   
 3.1556000000000000e+009   s_1_1:  ( 4.8332420279557919e-001,  8.5350758985732145e-001)   
 3.1560000000000000e+009   s_1_1:  ( 4.8387537606847419e-001,  8.5327833745011339e-001)   
 3.1564000000000000e+009   s_1_1:  ( 4.8442515450842427e-001,  8.5304893171174434e-001)   
 3.1568000000000000e+009   s_1_1:  ( 4.8497354676673865e-001,  8.5281937474726244e-001)   
 3.1572000000000000e+009   s_1_1:  ( 4.8552056142226674e-001,  8.5258966862962504e-001)   
 3.1576000000000000e+009   s_1_1:  ( 4.8606620698212277e-001,  8.5235981540019090e-001)   
 3.1580000000000000e+009   s_1_1:  ( 4.8661049188240268e-001,  8.5212981706920954e-001)   
 3.1584000000000000e+009   s_1_1:  ( 4.8715342448889815e-001,  8.5189967561629187e-001)   
 3.1588000000000000e+009   s_1_1:  ( 4.8769501309779528e-001,  8.5166939299088640e-001)   
 3.1592000000000000e+009   s_1_1:  ( 4.8823526593636668e-001,  8.5143897111273725e-001)   
 3.1596000000000000e+009   s_1_1:  ( 4.8877419116365972e-001,  8.5120841187233842e-001)   
 3.1600000000000000e+009   s_1_1:  ( 4.8931179687117349e-001,  8.5097771713138348e-001)   
 3.1604000000000000e+009   s_1_1:  ( 4.8984809108352445e-001,  8.5074688872320114e-001)   
 3.1608000000000000e+009   s_1_1:  ( 4.9038308175911383e-001,  8.5051592845319179e-001)   
 3.1612000000000000e+009   s_1_1:  ( 4.9091677679078538e-001,  8.5028483809924604e-001)   
 3.1616000000000000e+009   s_1_1:  ( 4.9144918400646087e-001,  8.5005361941217261e-001)   
 3.1620000000000000e+009   s_1_1:  ( 4.9198031116979235e-001,  8.4982227411610067e-001)   
 3.1624000000000000e+009   s_1_1:  ( 4.9251016598078989e-001,  8.4959080390888908e-001)   
 3.1628000000000000e+009   s_1_1:  ( 4.9303875607644587e-001,  8.4935921046252472e-001)   
 3.1632000000000000e+009   s_1_1:  ( 4.9356608903135835e-001,  8.4912749542351218e-001)   
 3.1636000000000000e+009   s_1_1:  ( 4.9409217235833658e-001,  8.4889566041326092e-001)   
 3.1640000000000000e+009   s_1_1:  ( 4.9461701350901255e-001,  8.4866370702846350e-001)   
 3.1644000000000000e+009   s_1_1:  ( 4.9514061987443014e-001,  8.4843163684146905e-001)   
 3.1648000000000000e+009   s_1_1:  ( 4.9566299878564768e-001,  8.4819945140064856e-001)   
 3.1652000000000000e+009   s_1_1:  ( 4.9618415751431189e-001,  8.4796715223076080e-001)   
 3.1656000000000000e+009   s_1_1:  ( 4.9670410327324738e-001,  8.4773474083329869e-001)   
 3.1660000000000000e+009   s_1_1:  ( 4.9722284321701316e-001,  8.4750221868684883e-001)   
 3.1664000000000000e+009   s_1_1:  ( 4.9774038444248381e-001,  8.4726958724742907e-001)   
 3.1668000000000000e+009   s_1_1:  ( 4.9825673398939563e-001,  8.4703684794882994e-001)   
 3.1672000000000000e+009   s_1_1:  ( 4.9877189884090894e-001,  8.4680400220294483e-001)   
 3.1676000000000000e+009   s_1_1:  ( 4.9928588592414858e-001,  8.4657105140009969e-001)   
 3.1680000000000000e+009   s_1_1:  ( 4.9979870211074784e-001,  8.4633799690937639e-001)   
 3.1684000000000000e+009   s_1_1:  ( 5.0031035421737802e-001,  8.4610484007892750e-001)   
 3.1688000000000000e+009   s_1_1:  ( 5.0082084900628643e-001,  8.4587158223629044e-001)   
 3.1692000000000000e+009   s_1_1:  ( 5.0133019318580585e-001,  8.4563822468869509e-001)   
 3.1696000000000000e+009   s_1_1:  ( 5.0183839341088354e-001,  8.4540476872336401e-001)   
 3.1700000000000000e+009   s_1_1:  ( 5.0234545628358696e-001,  8.4517121560781217e-001)   
 3.1704000000000000e+009   s_1_1:  ( 5.0285138835360998e-001,  8.4493756659013952e-001)   
 3.1708000000000000e+009   s_1_1:  ( 5.0335619611877180e-001,  8.4470382289931822e-001)   
 3.1712000000000000e+009   s_1_1:  ( 5.0385988602551202e-001,  8.4446998574547771e-001)   
 3.1716000000000000e+009   s_1_1:  ( 5.0436246446938493e-001,  8.4423605632018295e-001)   
 3.1720000000000000e+009   s_1_1:  ( 5.0486393779553085e-001,  8.4400203579671162e-001)   
 3.1724000000000000e+009   s_1_1:  ( 5.0536431229917056e-001,  8.4376792533031930e-001)   
 3.1728000000000000e+009   s_1_1:  ( 5.0586359422606220e-001,  8.4353372605851407e-001)   
 3.1732000000000000e+009   s_1_1:  ( 5.0636178977298241e-001,  8.4329943910131044e-001)   
 3.1736000000000000e+009   s_1_1:  ( 5.0685890508817955e-001,  8.4306506556149330e-001)   
 3.1740000000000000e+009   s_1_1:  ( 5.0735494627184075e-001,  8.4283060652486752e-001)   
 3.1744000000000000e+009   s_1_1:  ( 5.0784991937653579e-001,  8.4259606306051182e-001)   
 3.1748000000000000e+009   s_1_1:  ( 5.0834383040766928e-001,  8.4236143622102211e-001)   
 3.1752000000000000e+009   s_1_1:  ( 5.0883668532392123e-001,  8.4212672704275771e-001)   
 3.1756000000000000e+009   s_1_1:  ( 5.0932849003769642e-001,  8.4189193654607186e-001)   
 3.1760000000000000e+009   s_1_1:  ( 5.0981925041553677e-001,  8.4165706573555665e-001)   
 3.1764000000000000e+009   s_1_1:  ( 5.1030897227856775e-001,  8.4142211560026636e-001)   
 3.1768000000000000e+009   s_1_1:  ( 5.1079766140291682e-001,  8.4118708711395107e-001)   
 3.1772000000000000e+009   s_1_1:  ( 5.1128532352012979e-001,  8.4095198123527637e-001)   
 3.1776000000000000e+009   s_1_1:  ( 5.1177196431759253e-001,  8.4071679890804352e-001)   
 3.1780000000000000e+009   s_1_1:  ( 5.1225758943893529e-001,  8.4048154106141204e-001)   
 3.1784000000000000e+009   s_1_1:  ( 5.1274220448444074e-001,  8.4024620861010813e-001)   
 3.1788000000000000e+009   s_1_1:  ( 5.1322581501144859e-001,  8.4001080245463733e-001)   
 3.1792000000000000e+009   s_1_1:  ( 5.1370842653474891e-001,  8.3977532348149242e-001)   
 3.1796000000000000e+009   s_1_1:  ( 5.1419004452697459e-001,  8.3953977256335832e-001)   
 3.1800000000000000e+009   s_1_1:  ( 5.1467067441899617e-001,  8.3930415055930985e-001)   
 3.1804000000000000e+009   s_1_1:  ( 5.1515032160030039e-001,  8.3906845831501276e-001)   
 3.1808000000000000e+009   s_1_1:  ( 5.1562899141937679e-001,  8.3883269666291671e-001)   
 3.1812000000000000e+009   s_1_1:  ( 5.1610668918408731e-001,  8.3859686642245024e-001)   
 3.1816000000000000e+009   s_1_1:  ( 5.1658342016204495e-001,  8.3836096840020469e-001)   
 3.1820000000000000e+009   s_1_1:  ( 5.1705918958097818e-001,  8.3812500339012663e-001)   
 3.1824000000000000e+009   s_1_1:  ( 5.1753400262909866e-001,  8.3788897217369562e-001)   
 3.1828000000000000e+009   s_1_1:  ( 5.1800786445546243e-001,  8.3765287552010781e-001)   
 3.1832000000000000e+009   s_1_1:  ( 5.1848078017032073e-001,  8.3741671418645347e-001)   
 3.1836000000000000e+009   s_1_1:  ( 5.1895275484547976e-001,  8.3718048891789199e-001)   
 3.1840000000000000e+009   s_1_1:  ( 5.1942379351465251e-001,  8.3694420044782158e-001)   
 3.1844000000000000e+009   s_1_1:  ( 5.1989390117379297e-001,  8.3670784949805532e-001)   
 3.1848000000000000e+009   s_1_1:  ( 5.2036308278145260e-001,  8.3647143677898028e-001)   
 3.1852000000000000e+009   s_1_1:  ( 5.2083134325910563e-001,  8.3623496298973077e-001)   
 3.1856000000000000e+009   s_1_1:  ( 5.2129868749149755e-001,  8.3599842881834174e-001)   
 3.1860000000000000e+009   s_1_1:  ( 5.2176512032696032e-001,  8.3576183494191936e-001)   
 3.1864000000000000e+009   s_1_1:  ( 5.2223064657775708e-001,  8.3552518202678661e-001)   
 3.1868000000000000e+009   s_1_1:  ( 5.2269527102039648e-001,  8.3528847072864765e-001)   
 3.1872000000000000e+009   s_1_1:  ( 5.2315899839595259e-001,  8.3505170169273657e-001)   
 3.1876000000000000e+009   s_1_1:  ( 5.2362183341039348e-001,  8.3481487555396594e-001)   
 3.1880000000000000e+009   s_1_1:  ( 5.2408378073488293e-001,  8.3457799293708024e-001)   
 3.1884000000000000e+009   s_1_1:  ( 5.2454484500609955e-001,  8.3434105445679796e-001)   
 3.1888000000000000e+009   s_1_1:  ( 5.2500503082654526e-001,  8.3410406071795529e-001)   
 3.1892000000000000e+009   s_1_1:  ( 5.2546434276484177e-001,  8.3386701231565019e-001)   
 3.1896000000000000e+009   s_1_1:  ( 5.2592278535604231e-001,  8.3362990983538032e-001)   
 3.1900000000000000e+009   s_1_1:  ( 5.2638036310192526e-001,  8.3339275385318023e-001)   
 3.1904000000000000e+009   s_1_1:  ( 5.2683708047128519e-001,  8.3315554493575938e-001)   
 3.1908000000000000e+009   s_1_1:  ( 5.2729294190023701e-001,  8.3291828364063081e-001)   
 3.1912000000000000e+009   s_1_1:  ( 5.2774795179249223e-001,  8.3268097051624701e-001)   
 3.1916000000000000e+009   s_1_1:  ( 5.2820211451965660e-001,  8.3244360610212587e-001)   
 3.1920000000000000e+009   s_1_1:  ( 5.2865543442150265e-001,  8.3220619092898418e-001)   
 3.1924000000000000e+009   s_1_1:  ( 5.2910791580626060e-001,  8.3196872551885348e-001)   
 3.1928000000000000e+009   s_1_1:  ( 5.2955956295088757e-001,  8.3173121038521414e-001)   
 3.1932000000000000e+009   s_1_1:  ( 5.3001038010134760e-001,  8.3149364603311193e-001)   
 3.1936000000000000e+009   s_1_1:  ( 5.3046037147288083e-001,  8.3125603295927775e-001)   
 3.1940000000000000e+009   s_1_1:  ( 5.3090954125027401e-001,  8.3101837165224968e-001)   
 3.1944000000000000e+009   s_1_1:  ( 5.3135789358812413e-001,  8.3078066259248584e-001)   
 3.1948000000000000e+009   s_1_1:  ( 5.3180543261111013e-001,  8.3054290625248184e-001)   
 3.1952000000000000e+009   s_1_1:  ( 5.3225216241424067e-001,  8.3030510309688277e-001)   
 3.1956000000000000e+009   s_1_1:  ( 5.3269808706312660e-001,  8.3006725358259614e-001)   
 3.1960000000000000e+009   s_1_1:  ( 5.3314321059422731e-001,  8.2982935815890047e-001)   
 3.1964000000000000e+009   s_1_1:  ( 5.3358753701510697e-001,  8.2959141726755425e-001)   
 3.1968000000000000e+009   s_1_1:  ( 5.3403107030468311e-001,  8.2935343134290407e-001)   
 3.1972000000000000e+009   s_1_1:  ( 5.3447381441347641e-001,  8.2911540081198820e-001)   
 3.1976000000000000e+009   s_1_1:  ( 5.3491577326385920e-001,  8.2887732609464049e-001)   
 3.1980000000000000e+009   s_1_1:  ( 5.3535695075028977e-001,  8.2863920760359333e-001)   
 3.1984000000000000e+009   s_1_1:  ( 5.3579735073956392e-001,  8.2840104574457762e-001)   
 3.1988000000000000e+009   s_1_1:  ( 5.3623697707104645e-001,  8.2816284091642167e-001)   
 3.1992000000000000e+009   s_1_1:  ( 5.3667583355690440e-001,  8.2792459351115233e-001)   
 3.1996000000000000e+009   s_1_1:  ( 5.3711392398234947e-001,  8.2768630391408649e-001)   
 3.2000000000000000e+009   s_1_1:  ( 5.3755125210585764e-001,  8.2744797250393010e-001)   
